request_id,conversation_id,send_time,ttft_time,total_time,tokens_in,tokens_out,ttft,tpot
7ba84a09-5bc9-417e-bf7c-9fd591ebac73,0bb3e9ef-a7e7-449d-be77-fde198463305,1098921.938271182,1098927.095174257,1098927.542894794,3074,31,5.156903075054288,0.4477205369621515
0e6752ba-5e71-40d5-a871-7e19725e5f05,e88b1149-8f9c-4867-9db5-96d87443c927,1098921.938312559,1098927.1343462619,1098927.540640746,3090,18,5.1960337029304355,0.4062944841571152
72936899-574e-4bc0-9be1-5131421e4d32,2c6c787f-ce0d-46f8-8c82-65f2ac219c19,1098921.938217076,1098927.012635838,1098928.077562784,6270,37,5.074418762000278,1.0649269460700452
794178ae-82c8-45c3-9e86-342fb79b7c64,812563ed-7b1d-4308-9d83-be86b39f1461,1098921.938272934,1098927.0198707539,1098928.075042907,5128,49,5.0815978199243546,1.05517215305008
6aa6d70b-d723-4893-94e8-5c943f939f9a,2e90c9d3-0cc0-431a-a190-712898af6e66,1098921.938310202,1098927.103912932,1098928.4979950131,5236,33,5.1656027301214635,1.3940820810385048
39a847d6-d394-4364-90e4-98678cd87bef,eac78716-775d-4fad-95de-28cdcbfe901d,1098921.938267202,1098927.1095716967,1098928.500696872,4319,18,5.171304494841024,1.3911251751706004
3bbe419b-94d4-403d-8ec2-a872d008b526,d0f54797-351a-4ec4-a3a2-dec8278c55cf,1098921.938052205,1098926.931362836,1098929.7845240538,841,200,4.993310631019995,2.8531612178776413
1454e72a-845d-4294-91c1-c83ab27896dd,db7e9f5d-8a61-4add-b03f-97cfb3b8ea31,1098912.540333899,1098917.657632462,1098920.50784482,2053,200,5.117298563010991,2.8502123579382896
9ad784f9-342b-43ac-9219-a043dfd7c376,6ccb629d-90a9-4625-b6a2-eeeb27f2e288,1098921.937779459,1098926.951785173,1098929.786131255,1214,200,5.014005714096129,2.834346082061529
c97aba0b-ac59-41ec-b5bc-a6e2125f7e9d,0b5b7174-9f85-4885-997f-47ed4c9fc8ad,1098921.938159553,1098926.9494771191,1098929.7789788651,1762,200,5.011317566037178,2.829501745989546
2fae133d-cf4f-4733-baa1-72dde4277e3e,586ddd63-a522-48ce-ae0d-777af55d3cac,1098921.937748666,1098926.967342416,1098929.788897139,6349,180,5.029593750135973,2.821554722962901
7785d285-a4d0-4232-8aae-302f64af1517,01d20233-ba05-4142-a870-402681c0fb91,1098921.937781919,1098926.974941299,1098929.786652948,5176,200,5.0371593800373375,2.8117116489447653
bebd6de4-e757-489b-88e9-39dc6df46ec5,69adc9c9-2273-43eb-a23c-a4efe562816a,1098921.938106025,1098926.973866905,1098929.783223816,660,200,5.035760879982263,2.809356910875067
41c86344-ad27-47fa-aeec-466f57967424,24f24f5a-9b09-4804-81d9-c57c2c65a4fb,1098921.938131888,1098926.9743131108,1098929.780946849,1465,200,5.036181222880259,2.8066337381023914
3c13588b-29eb-4a1e-91ce-7b3fa568c7a7,8e020282-5ecc-434f-b573-91c202e1468e,1098921.938204156,1098926.980362038,1098929.777166744,5537,184,5.042157881893218,2.7968047061003745
c724c89a-4f10-4d01-97e2-7c818d54d4da,c091b3a7-97e5-4a95-8225-26b3b3a6566f,1098921.938215545,1098926.980545318,1098929.774986323,2529,200,5.042329773074016,2.794441004982218
2d69c3ec-9dd8-4bc9-bd53-46de9c5368e6,e5137238-7fd2-495a-878a-41bbed79caeb,1098921.938168177,1098926.9960946538,1098929.7791867198,3343,195,5.057926476933062,2.7830920659471303
6185852f-ed39-4dc0-8d53-ac723eca7110,e62bfd31-0eb8-4b75-9da9-5217ee3c5b91,1098921.938200852,1098926.9991972689,1098929.779113292,3244,200,5.060996416956186,2.779916023137048
f58aa181-8450-4fc5-924c-3abd6f988bbb,d350830f-1917-4e57-b61a-d5974c15409d,1098921.938239967,1098927.010927902,1098929.773714962,6167,200,5.0726879350841045,2.762787059880793
619cc5b5-774b-46d8-ad8b-56ebcab98003,933f3928-c5bd-436c-b052-8afb0bd75fd0,1098921.938241735,1098927.0176145982,1098929.773497502,3337,200,5.079372863052413,2.755882903933525
bd383831-b2a5-4ad6-ac20-c4a14db0ab68,6fabae89-8106-4a2d-87ea-938cd36cda15,1098921.938316232,1098927.0180824162,1098929.768042204,1001,140,5.079766184091568,2.7499597878195345
9483023f-d35a-46b1-9864-e8eaf7669995,394d1f48-5ed2-4b48-bbcd-f72d5f1a36aa,1098921.938323537,1098928.072452027,1098930.145414711,3656,200,6.134128489997238,2.0729626840911806
efd522b6-2a04-4ce7-b15c-aceaa8b986d1,5dd975b0-30ab-46b6-96e0-39b315e33c7d,1098921.938218634,1098928.094748925,1098930.162390004,5788,200,6.156530290842056,2.0676410789601505
3b78d221-30b1-455d-8a03-2a99f7a8539b,2204b36f-ca0b-4da9-b583-476d2b2d954f,1098921.938265224,1098927.102271735,1098930.1597064799,1873,200,5.16400651098229,3.0574347449000925
b4b46e72-5160-4d5b-998e-793c97a2523b,a5fcfe4e-eb51-4ac0-b8bc-d87496e3d9cb,1098912.540325633,1098917.873629738,1098920.922276044,1428,200,5.333304105093703,3.048646305920556
81a52094-3d42-4037-bd60-7fb9859666bb,0e78f555-d2c5-4fe2-81d1-9a7530f75bf4,1098921.938306371,1098927.111727809,1098930.1586736431,2475,200,5.173421438084915,3.046945834066719
f14c7721-f284-417e-9d07-0f52bcf8b64a,a1329327-31f8-4e0e-8c96-d4c38c61242d,1098912.540395757,1098917.797796763,1098920.8350601231,1706,200,5.257401006063446,3.0372633601073176
ec835187-4347-40c7-b2e1-20bd940bc569,7566167e-bf47-4f1f-b7d0-e3cef448181a,1098912.540390078,1098917.802371281,1098920.836295366,2344,200,5.261981202987954,3.033924085088074
7141b514-3e28-449a-8a58-ca0a7f8efc75,4b5c1f81-a784-456b-9708-1578b5087dca,1098921.938325175,1098927.133085217,1098930.155600093,3800,200,5.194760042009875,3.0225148759782314
339be4c1-bf5f-458f-982a-7991406a2f93,7dffa10a-2db3-48f9-af53-bddccb30f2a3,1098921.938320077,1098927.137147699,1098930.157520494,4117,200,5.1988276219926775,3.0203727949410677
7f4fa9b0-c212-48b1-9f12-9783494793a1,fcaabc84-519f-4e09-90c8-1e1b11491039,1098921.938318202,1098928.2397157853,1098930.1589467681,6220,200,6.301397583214566,1.919230982894078
63f9e541-7703-4c78-85d1-bc20c3b3af88,2578c165-88d2-4fcf-8239-ee23a11cde02,1098921.937770864,1098927.594261338,1098930.4377261992,6458,200,5.656490474008024,2.8434648611582816
c07eed88-e38c-4722-8358-769be11ea8b6,5363cb6c-edd6-43d7-9a0e-58df46053aa0,1098912.540338092,1098917.676947786,1098921.159123149,6179,200,5.136609693989158,3.4821753629948944
af0c9828-6e68-4b2c-aa60-1d410fc7184d,b87d1b47-75a0-4129-8580-a96e0868928f,1098912.540282385,1098926.9588153411,1098930.441367866,5528,200,14.418532956158742,3.482552524888888
0257a9ed-b132-4916-800f-dafb425df89e,f59505d6-2c8a-4269-b06b-4a09a34c57e0,1098921.938057282,1098926.958294705,1098930.437914585,5870,200,5.020237423013896,3.4796198799740523
d3d11c0e-ca3f-417e-a788-831820151eb5,5fcd7bbd-da7e-4afa-95ef-18c316df5c14,1098921.938060158,1098927.659553422,1098930.438099871,6292,200,5.721493263961747,2.778546449029818
5c4b58bb-0069-4fe5-9460-a2be5e089e2c,e2bb5c6d-8f13-4395-8e28-67275d11e72f,1098921.938110917,1098926.9614434252,1098930.436335883,3528,200,5.023332508048043,3.474892457947135
0518d61e-0c00-48f8-8fd0-1bbfae272f71,9751aa65-dcbb-464d-885d-1feaba1a4819,1098921.938099896,1098926.964767374,1098930.439084063,3777,200,5.026667478028685,3.4743166889529675
ab850afe-3362-4787-887f-e0291e7f9bef,9c107b6c-4101-42aa-9de6-3ff87c671de9,1098921.938117429,1098927.683474665,1098930.437624147,6458,200,5.745357236126438,2.754149481886998
372f0f2c-7208-4ef2-b5fb-daa71313ceea,e89d00a2-aef6-4faf-a8f6-58052acdc0b2,1098921.937775619,1098926.974428945,1098930.444539733,3458,200,5.036653325892985,3.470110788010061
891ade68-fa2a-4220-9988-10266be4fc93,9be2a601-19ad-4a64-8a31-74d14d459e36,1098921.938162046,1098926.97753193,1098930.4368511538,6218,200,5.039369883947074,3.4593192238826305
60e6fd66-5a00-4838-80de-3994d11bbb17,dcff9a1f-a60c-4377-8789-154950a7f139,1098921.938102548,1098926.983303555,1098930.442231652,6195,200,5.045201007043943,3.458928097039461
341173a8-102e-447a-a73d-644eeeca4cae,01524993-21d4-4d2d-a5d5-91a5663d91e2,1098921.938164284,1098926.979245873,1098930.4381934959,5999,200,5.0410815889481455,3.45894762291573
9f658d62-8a80-4e6c-854d-5c89a6e2dcea,90d228aa-55a6-47fd-8f46-cd871d180b10,1098921.938119476,1098926.9840900488,1098930.441696493,6355,200,5.045970572857186,3.4576064441353083
76aae940-c2ad-4495-acb1-b3e036a82217,13c8030e-be08-44bc-b1d5-1304416e7a6e,1098921.938166124,1098927.794985669,1098930.439570158,5887,200,5.856819544918835,2.644584489054978
24e963aa-e099-42bc-bdc4-1ea05ee67e9f,c7558f93-f86c-4355-a7b9-c08b9ddff562,1098921.938213734,1098927.001789038,1098930.4368390741,5876,200,5.0635753041133285,3.4350500360596925
890a0bf8-63ea-44c3-a1d5-17e0398cff53,5ed43ab5-6e62-46fc-a695-99d4cb7b0dcc,1098921.938211262,1098927.8094755309,1098930.438571037,6470,200,5.871264268876985,2.6290955061558634
143cfac6-7e14-4758-8954-cbe46725f7e7,12aae71a-3e0d-4bf5-90fb-76d1a7c353ae,1098921.938237684,1098927.8205375222,1098930.436522922,5722,200,5.88229983812198,2.6159853998105973
0869c3ea-2609-4085-b356-e328a82c672c,df831d09-321b-4ae9-9739-8a1cee2e855a,1098921.938207781,1098927.011348095,1098930.4415542039,6300,200,5.073140314081684,3.43020610883832
b76501ba-a85f-4603-a181-0b7775ebdcd7,d99bd3a4-aa98-4081-914d-d5fe46dea9f9,1098921.938263222,1098927.0073528902,1098930.4367283683,1980,200,5.069089668104425,3.429375478066504
68cc15ef-2531-4807-814c-247ea4e0a0b3,b3617f9e-9162-4e7e-b033-d5442ce6ecc4,1098921.938314337,1098927.890162964,1098930.433270663,6284,200,5.951848626835272,2.543107699137181
d01cdbe2-4bce-4933-a97b-c05436603df4,abc0c6cc-0bfe-4666-83e8-64b03ca4efa9,1098924.727065084,1098930.527721466,1098931.2416099992,2194,68,5.800656381994486,0.7138885331805795
386434ee-c16b-4438-89e8-fbd39b618cbe,086d9db4-5996-4535-986e-525ff4b4a80d,1098924.727145854,1098930.565149331,1098931.2414698831,3072,95,5.8380034770816565,0.6763205521274358
2a497350-2388-4802-88d4-f8f097a05e63,d24c0cc3-a163-4cd4-9cf2-de41d5c96f4a,1098924.726977772,1098930.470796471,1098931.934717097,1415,165,5.743818698916584,1.4639206260908395
26d28485-a0bb-40b7-83f9-fbb6e84a57fc,02fdc58c-4081-4c4f-b08f-be89fc1991ff,1098924.726986379,1098930.570390462,1098931.9341988019,2914,139,5.843404083047062,1.3638083399273455
c1b73a2e-8911-4ef6-b0b2-7bceb3604e88,ca330d28-a7ef-4a25-a6cc-51578e715514,1098924.726989044,1098930.480355343,1098932.423073811,6058,200,5.75336629897356,1.94271846790798
3e0e36d4-802a-4742-b5ca-5d76be04b604,9fd9f898-9cfd-457b-adfe-707b66258b3d,1098924.72712836,1098930.481042535,1098932.420981268,6989,200,5.753914175089449,1.9399387328885496
e9a41f67-ba85-4f4a-b68d-50bf5d0a30d0,6ea89213-a24b-4e04-9166-3ae74526c64a,1098924.727132842,1098930.484011147,1098932.421420203,1194,200,5.756878304993734,1.9374090561177582
c7c1f1e7-e4da-4235-a584-7c26fb0adb72,830a675a-2522-4601-b35a-c7313f3380c3,1098924.726965487,1098930.506491005,1098932.431688236,6279,200,5.779525517951697,1.925197231117636
cd838030-56c4-44c6-8590-1e79fbdeddba,ac793620-cf14-4d0b-85c9-285d6602176f,1098924.726991262,1098930.512004052,1098932.427594805,5866,200,5.785012790001929,1.9155907528474927
00a02027-29bd-4c34-86b5-8455747c1e36,4368eee3-45f1-41a9-9c4f-60292d5f062d,1098924.726993397,1098930.518442026,1098932.428065997,6040,200,5.791448628995568,1.9096239709760994
5341c46c-a662-4e37-9d77-49f807be145c,dbb95e14-48d9-4363-a646-86ec308fb763,1098924.727069788,1098930.522111086,1098932.428139852,3658,200,5.795041298028082,1.9060287659522146
50b56451-40e1-45dc-b385-69a39396a36c,7110344b-1fb7-43d7-ad6b-ca3b816cfae0,1098924.726981117,1098930.548966179,1098932.433654067,671,200,5.821985061978921,1.8846878882031888
9e531259-6039-490b-bc21-f0d147cc4a21,9751aa65-dcbb-464d-885d-1feaba1a4819,1098924.727138298,1098930.5501351033,1098932.4275328731,3777,200,5.822996805189177,1.8773977698292583
5400514b-28ca-461d-8cb8-fa85c10695c3,967aed41-fbe7-4e66-a54e-1b932c3f1357,1098924.72707204,1098930.5595978752,1098932.4314135232,6131,200,5.832525835139677,1.8718156479299068
c3dc5b97-86a0-40d2-8ac4-225bd8f57d63,a38f645a-15c1-4b70-be39-1656a21c0e2d,1098924.727140179,1098930.558233657,1098932.42947686,3666,200,5.831093478016555,1.8712432030588388
9da96436-9fe2-4422-adf2-a1f86fb7bbc8,875b2892-f361-4e79-89c5-34479b8c6b4f,1098924.727135164,1098930.5631972598,1098932.4321287519,6357,200,5.836062095826492,1.8689314920920879
5fe21011-f0d8-4fcf-8b84-c7a8b03adf4c,3843b2c1-db08-4327-bab6-6c5f8f1d4ce6,1098924.727151781,1098930.578232495,1098932.4280597882,2856,199,5.851080714026466,1.8498272930737585
99cf23dd-162b-445d-b126-06dfb7bf0ac9,a91786b9-b70a-4ba9-93a3-3c49e7f6ffc5,1098924.727143954,1098930.5853049,1098932.4319922952,6439,200,5.8581609460525215,1.8466873951256275
da59967f-99ca-43e8-b8a0-5b1a32b26062,10678ac7-e4b4-4f19-ab04-5d834f4a91ae,1098924.727149899,1098930.586819634,1098932.431490182,2163,200,5.859669735189527,1.844670547870919
aa6331f7-0d40-4909-85f2-fda786587822,6fccfc20-dbda-4af7-960b-0d56735be69f,1098928.278390399,1098931.029681141,1098932.483058162,1097,200,2.7512907420750707,1.453377021010965
4336b84e-5623-41c6-b264-f2600961c4a5,147b36a6-ee7b-41e9-9e55-9d0a8335e8b4,1098924.727148056,1098931.25557802,1098932.868284204,4434,200,6.528429963858798,1.6127061841543764
a432774b-5d43-4e76-baee-6147623da551,3ed7f939-1a64-4314-86e0-5d9c4a84a947,1098924.727142174,1098931.2661355222,1098932.8717762001,5662,200,6.538993348134682,1.60564067796804
c450c83f-d0b3-48ec-8651-dcb8e38c4b9a,6390146e-f25a-4269-b965-86f87e50701d,1098926.381272704,1098932.423670374,1098933.6366460042,3473,90,6.042397669982165,1.2129756300710142
58c7bed3-8ec0-4339-8858-f6b96fbf530d,5b7afdee-bc23-4cea-8c95-ee1786504a83,1098926.381330336,1098932.427801569,1098934.21065435,3194,200,6.046471233014017,1.7828527810052037
af7b6833-4585-4c94-a949-da7bd24a95d4,92822c32-6058-49fd-aa9c-0152bb38bb78,1098926.381260155,1098932.440676448,1098934.215742192,5839,200,6.059416292933747,1.7750657440628856
39ece27c-b8db-4424-b793-e302aa860364,9e3c8867-59dc-4f49-8675-cc60714855dc,1098928.278406076,1098931.951359894,1098934.0836952,3690,200,3.6729538179934025,2.132335306145251
f1fb89d9-d5c5-4fb7-a36a-cf2649a09b3f,b08a97a6-f8e0-4014-92ec-ad1af8ba590e,1098930.252850135,1098932.000082897,1098934.123728286,6451,200,1.747232761932537,2.1236453889869153
a766106b-04f5-42bf-92ba-4509c27f8ed5,0681aeae-8d68-4e14-bd3e-6fa8decb1709,1098926.381336384,1098932.424405545,1098934.311245675,6324,200,6.0430691610090435,1.8868401299696416
c26a54ea-6993-4eb1-a5d9-a79158f081cd,df0f9f8a-9867-430c-98ce-3f30f838e161,1098926.38128318,1098932.4243126702,1098934.398534713,5454,200,6.0430294901598245,1.974222042830661
994cb74d-41cc-4d96-895d-48c633f9a197,e7803957-8926-462a-a31e-30cdb1c9ec2d,1098926.381333682,1098932.43183181,1098934.3976839269,3774,200,6.050498127937317,1.9658521169330925
8d829706-e991-4822-958c-f364710df3c1,2aacea92-7898-4f60-9526-e7a073521d56,1098926.381275999,1098932.4444699099,1098934.4029288269,4873,200,6.063193910988048,1.9584589169826359
a7da379c-24aa-45f3-a36e-155a87c6a331,b0504ddd-048b-41e3-b755-077cdf863893,1098926.381278485,1098932.441441022,1098934.5449460002,6411,200,6.060162537032738,2.103504978120327
3b1cd694-23b4-4535-87fe-fdfd54b2e093,11ed2698-a70a-4704-b64c-933c1e3f5226,1098926.381280853,1098932.445209615,1098934.763444768,5977,200,6.063928761985153,2.318235153099522
1e2fcf67-a069-4959-84b8-a204fcc716dd,abc0c6cc-0bfe-4666-83e8-64b03ca4efa9,1098930.25287069,1098933.4772364022,1098934.9721370952,2276,150,3.2243657121434808,1.4949006929527968
aee3b269-c77b-4560-be58-a93ca8dc2be0,23ee0cbe-2b7a-408b-9469-e2b3dc42f35f,1098932.655662458,1098935.0255940629,1098935.2917244148,5361,25,2.369931604946032,0.2661303519271314
d42eb8a2-5350-4baa-b3ff-0aa028e8fb5a,a49d24aa-32c1-4fd9-8039-e95dd8e8abd7,1098930.252959554,1098933.117367305,1098935.160452292,5785,200,2.864407751010731,2.043084986973554
8b6ce9c5-3ca3-4fee-8a98-c510aba81b8f,99cf908c-ea9c-4c6d-abb5-12c7195290fb,1098928.278415769,1098932.616465236,1098935.144625351,6294,200,4.338049466954544,2.5281601150054485
e973596a-41b7-4f91-a839-e4d249edba07,ad6e0805-854b-4ad4-b718-81d6c8218f27,1098928.278474726,1098933.0921342538,1098935.140239158,5279,200,4.8136595278047025,2.048104904126376
ef2061a0-765e-4739-a269-9031fb65a9f0,8d422a4b-204c-417f-ae64-a7bfa06533b6,1098931.761998399,1098933.155326732,1098935.2015074969,3990,200,1.3933283330406994,2.0461807649116963
743bed22-549a-4818-a009-d186eebde266,9724fec6-5a27-419a-835f-02d1cdee68c6,1098928.278472151,1098933.5503341309,1098935.229963682,6096,200,5.2718619799707085,1.6796295510139316
79a92291-7a9b-469d-829f-90567a80e845,d81300c0-9e09-45d8-84f5-e342f80ca6d0,1098934.348873153,1098935.1697819172,1098935.509030373,1178,72,0.8209087641444057,0.33924845582805574
75e52b19-c538-4b4f-8bc7-71dcbf68f86a,33dc18f9-e1dd-4050-ba46-e0d05a421864,1098932.655660617,1098935.09757487,1098936.044312821,3587,136,2.4419142531696707,0.9467379509005696
4597e91b-12fb-440c-a966-059f3a31c431,1c43eba4-81bf-4b3c-a107-b258630ab250,1098931.762027531,1098934.21363381,1098935.99739899,929,200,2.451606279006228,1.7837651800364256
c145cfa8-4d85-4fcc-a716-0beefa012580,ddb1b982-2da3-4da3-a8e6-a3ce2b95f759,1098932.655646381,1098934.40248893,1098936.107741913,726,200,1.746842548949644,1.7052529831416905
8e769ae8-6d11-430c-9d4b-6bb2a573b795,0ea7eebf-4e91-49b7-886d-7fde689bef99,1098934.348853901,1098935.171520968,1098936.364874158,2667,200,0.8226670669391751,1.193353190086782
ea2696ab-a8be-414a-9631-f4494bab7279,38966326-1dde-4a5a-8407-2274abfe769c,1098928.278422985,1098935.061612919,1098936.3700902332,4975,200,6.783189933979884,1.3084773141890764
f8aae038-0a6b-47ed-a2dc-1aa45c0cdb40,4f425ba0-648a-4d9f-ac1f-e294980d4117,1098934.348839148,1098935.310796433,1098936.610208395,6286,200,0.9619572849478573,1.2994119620416313
eeb51d28-e155-4db7-83ac-bb44a810c83e,0691447b-4b91-4b36-9c39-fd2b25d1d966,1098930.252953861,1098934.9221196577,1098936.4028874598,6966,200,4.669165796833113,1.4807678021024913
5f5d9091-e8b9-423f-b8e2-dd6b784643d5,01d20233-ba05-4142-a870-402681c0fb91,1098931.762023525,1098935.122913045,1098936.6252630781,5176,200,3.3608895200304687,1.5023500330280513
13fb451e-d387-4945-bbf6-12c0c50d4ac2,2d3d4654-4672-47a0-8065-8167b1e24cd1,1098935.411202566,1098936.4591694542,1098937.069427845,3278,59,1.0479668881744146,0.6102583908941597
0885f822-48f8-4d0b-8d8a-13d9cad5b51f,df0a35f9-6001-4df7-9553-17f2347760bb,1098930.252866418,1098935.2823186242,1098937.2632002952,4716,200,5.0294522061012685,1.9808816709555686
4503a2ec-a735-463a-98ac-3b9690fa8c70,b1506650-c796-427f-84ec-42b45a69bfd0,1098932.655650298,1098935.788597231,1098937.384457449,1539,157,3.132946932921186,1.595860217930749
1d9effd5-234f-4928-8870-394299c1d28a,38274d58-563a-4896-ae8c-7920e3737a7e,1098930.252957079,1098935.4942139902,1098937.424128193,2878,200,5.241256911074743,1.9299142027739435
79145d11-9b86-4393-a2e7-73cb9504e2b3,33e1e879-a9b2-42f0-b1cb-4f3cf8e6b433,1098934.348863818,1098935.918331819,1098937.7908167979,6157,200,1.5694680009037256,1.872484978986904
047c5495-80f7-4f2c-a3c6-2e105129ce76,a66219a5-0bf0-499e-8da4-6217f9feef08,1098932.655630423,1098935.608928542,1098937.72357221,628,200,2.9532981188967824,2.114643668057397
43b7fbbc-2edd-4767-9b70-103dee93bf36,e6637aa4-3c0e-4683-beb9-6bdb1f923cdc,1098930.252944484,1098935.664288838,1098937.683683947,6160,200,5.411344354040921,2.019395109033212
1154da03-6e84-451a-8223-eb4d5db3211b,44e83e1c-1083-44c9-9f17-132d04102b38,1098930.252961851,1098935.862315145,1098937.663647013,4275,200,5.609353294130415,1.801331867929548
4a8c8c69-95d8-4dc4-9838-b6798a39c1ce,19c30b89-49e6-4785-b4ec-da68e367d4ae,1098932.655652831,1098937.6021506512,1098937.8750797422,6440,35,4.946497820084915,0.2729290910065174
f459865d-a2c8-48bd-bc23-a4cd860739d8,3df895ed-3731-4a8d-b4ab-71cc1de11695,1098933.351058328,1098936.200669559,1098938.42297612,2752,200,2.8496112308930606,2.2223065609578043
67f4a275-007c-49ff-aa0b-1d3eddff0353,3ed61bf9-527c-438b-9427-d3c27f9b8bc8,1098935.411211243,1098936.3061547289,1098938.527583601,6357,200,0.8949434859678149,2.2214288720861077
ed3618a5-054f-4445-8590-ad1bad5f7c15,d796c657-4eb3-4828-afc6-34d91aad56ae,1098935.411180694,1098936.538518276,1098938.618443876,1613,200,1.1273375821765512,2.079925599973649
f78f571c-957f-4124-a004-03b2401e184c,6c566894-07f4-460e-aed1-dffa6c9aa451,1098934.348858366,1098937.953068616,1098938.8619107981,2335,44,3.604210250079632,0.9088421820197254
5aaa0269-2e15-4462-8d41-3d0873b8e54d,69756b9b-d2e4-4a2e-8c02-1fbcee79c27c,1098935.411209056,1098936.8003532828,1098938.8508009987,3361,200,1.3891442269086838,2.0504477159120142
a657f45f-5945-4281-8dca-fd4ff9e4b9e1,39347bce-b242-4a8f-a48f-0d5c3652e3a7,1098933.351054498,1098936.746201541,1098938.8694839492,1154,200,3.395147043047473,2.1232824081089348
4d483713-3ccf-4a81-a8e8-6c80517675b4,e4e2e608-ce54-4ee6-8651-29dcfd54dc86,1098928.278418363,1098936.8430500082,1098938.7497108201,927,200,8.564631645102054,1.9066608119755983
3d699c68-6558-408c-ab4e-49eb6d97806c,4a8c5b6b-e155-42ad-badf-17b8d48d8aa9,1098928.278420759,1098936.634033803,1098938.7494156647,4355,200,8.355613043997437,2.115381861804053
fba01c0c-d531-4e43-96b1-43413bf591b8,ebf7605b-4582-4b04-ac02-afd745d666ed,1098936.334327459,1098937.185285536,1098938.9999254742,522,200,0.8509580770041794,1.8146399380639195
4c6dc33e-afb4-41aa-9ce8-a3404a27df4e,77d7eb80-2931-44e9-917a-939b4706e637,1098933.351063745,1098938.8910351002,1098939.3628728623,6158,55,5.539971355115995,0.4718377620447427
ff9ab326-d68b-4d28-821d-b4c9085af45b,e5f863e9-3a7b-4d7a-bdd2-60bc8ad6448d,1098930.252948299,1098939.10212864,1098939.36403193,6163,24,8.849180340999737,0.26190328993834555
07cb0316-d4d4-44f6-b181-62a893a52d59,4bd80eaf-8b5c-4491-b357-aa692e0a7926,1098936.334349549,1098937.9286118317,1098939.5314640237,4728,200,1.5942622828297317,1.6028521920088679
f35858fa-2d57-4a4b-b85d-594572a4a1d5,e62f3f98-5d83-4b9e-9c7d-fc428edf1181,1098937.322147439,1098939.4235859301,1098939.630673527,6487,22,2.101438491139561,0.20708759687840939
36757c1b-7180-4b2b-bf36-3fbd973d552c,145e5f0d-7ea8-47b9-b4c3-c7f6cf51725e,1098937.322154805,1098939.110404253,1098939.628065434,2831,54,1.78824944794178,0.5176611810456961
0ed05bd5-7811-4b3c-92c3-34f80e1ed857,e12b8c40-92d4-423f-9257-e7ca6e3758dc,1098937.322125944,1098938.4351711702,1098939.844911521,6345,200,1.1130452260840684,1.4097403509076685
c744b199-9d90-4b1b-bf4a-cbc4ca71884b,dc01cdfe-5594-4022-adeb-04dcc93573b5,1098936.334342241,1098939.960208357,1098940.2220332369,6060,25,3.6258661160245538,0.2618248797953129
a2a2c59f-dfe3-4c42-9785-c0f68c023f66,2b5bb3c9-4d36-4e8a-b052-54bcfbf3a086,1098937.322141295,1098940.019360425,1098940.275666557,6341,18,2.6972191298846155,0.25630613206885755
78a66124-6c76-431f-aa39-fa82a45de7b0,53dfe89a-8102-4086-85f9-8feab140d30f,1098930.252951106,1098938.7886056972,1098940.4252346712,6421,186,8.53565459116362,1.6366289739962667
73b4b0fc-2b60-430f-8aa1-8341524fc804,2cd32f10-6a09-49cd-8240-78a3d16e83e9,1098939.323475883,1098940.441590796,1098940.994425911,2871,66,1.1181149128824472,0.5528351149987429
b3487beb-bf3a-446c-af9d-98ab26cd351f,1d1a4bec-da87-4ab0-9afd-e22b33a3b57b,1098933.351061276,1098939.137397005,1098940.994587223,1894,200,5.786335729062557,1.8571902180556208
8ae58588-4b0a-43e3-9915-b4bbdeada34a,e4212cdd-4eb2-432c-8728-ac09b26569d4,1098936.334344985,1098939.272036366,1098941.366126659,3054,200,2.9376913809683174,2.094090293161571
02abb5bd-a51f-4a58-9e1b-5028d292c9d0,3ceab0ba-5330-4fd0-bbfe-5682ea55d910,1098938.658018308,1098939.3636730372,1098941.248402876,6091,200,0.7056547291576862,1.8847298389300704
f76d7043-3f65-43c2-a595-b1e4379c66e4,d6e42e4d-4caf-4c43-b542-af920a9f2350,1098928.278410304,1098939.527167318,1098941.221052524,2949,200,11.248757013818249,1.6938852060120553
5b957b07-89e3-494e-a3af-7d2bd5af38b3,e744a491-b17b-40f1-9e4a-9a68d90db4e7,1098937.322152548,1098939.6295170551,1098941.34224152,677,200,2.307364507112652,1.7127244649454951
2a44bccd-1c8d-401a-bacc-b19c1f306eee,a608334d-8e74-4f9e-96d4-619933b8f449,1098934.34886878,1098939.570973084,1098941.644247787,2359,200,5.222104304004461,2.073274702997878
5efd538e-e097-45c5-a758-1d48001d9890,d0cc8fed-2a8e-48e8-91db-ebb573e1adc3,1098932.655657442,1098939.695151785,1098941.799603146,1943,200,7.039494342869148,2.1044513611122966
283ac566-15aa-4e5e-8ba1-57b0903e47e4,d58f6a04-6c49-4da0-97a2-a89a8f9c9ac4,1098932.655655133,1098939.909605717,1098942.203674565,2037,181,7.25395058398135,2.2940688480157405
01f2bbde-19ab-44d3-bbb2-d72903f607fb,edf00561-d5fd-43db-891d-a57747fab3fc,1098938.658032728,1098939.951746014,1098942.076454318,6141,200,1.2937132860533893,2.1247083039488643
eda002a8-2298-4fc5-a364-b87e0247b650,84da21c3-27f8-4bcf-90a8-84027f4f1733,1098934.348871166,1098940.1550728108,1098942.4705041898,5881,200,5.806201644940302,2.315431379014626
007c553e-5f41-4365-ba47-e8a461fff76a,f20096ad-3678-4d6d-8538-5f2a89e8594a,1098937.32214998,1098939.846782372,1098943.108097614,3637,200,2.524632391985506,3.261315241921693
c78d41b0-c390-4a2b-b9ce-ed4a9eb6bee3,52377bb8-f78a-45ab-8e51-d46ef232477d,1098934.348866326,1098940.249631426,1098943.247775141,6446,200,5.900765100028366,2.998143714852631
45918513-77e2-46e2-ac2f-ee04d8293a88,ee02d911-a559-4b52-8dda-fe24f118e746,1098938.658028857,1098940.4322466252,1098943.3319891852,6931,200,1.7742177681066096,2.8997425599955022
f95cfc30-06f7-49a8-b049-cd8d159fe4ce,dd2b277d-7320-4529-bb10-09e0e4b25d8f,1098935.411205991,1098940.915817736,1098944.113688519,6243,200,5.504611745011061,3.1978707830421627
c76e8013-4527-48a4-87c2-f2988d8b01ad,0bb3e9ef-a7e7-449d-be77-fde198463305,1098938.658038372,1098940.6427215468,1098943.9093934088,3074,200,1.984683174872771,3.266671861987561
f0a81db1-f48f-4816-a53a-1c9940e29df8,882c383b-3739-4ff4-be3d-18745f09b583,1098940.43946343,1098941.173468301,1098944.415720862,6401,200,0.7340048709884286,3.2422525610309094
a7aa9fbf-18c0-4b93-a869-4e6f2c75526a,5b4e6569-39b6-477d-b82b-e9fa840a6eac,1098931.762030407,1098941.218933185,1098944.335297188,6274,200,9.456902778008953,3.116364002926275
912c40d0-7d94-4073-b6e6-9de5d7e5d594,c7344d02-17ce-4505-8d92-ada61240d9c1,1098928.278469121,1098941.198046884,1098944.286926646,2805,200,12.919577762950212,3.088879761984572
9fbcf904-b89d-4ef5-a978-79860ddbcd56,3cba0bbe-0d61-4be6-8be5-4585a5068a33,1098940.439483459,1098941.807824282,1098944.542599685,3411,200,1.3683408228680491,2.734775403048843
7bc4e74a-faa8-478a-b9f4-4bd69d76c9ac,4605532e-01fb-47f9-adba-e8a42434e6e4,1098936.334347421,1098941.725402381,1098944.835468667,839,200,5.391054959967732,3.110066286055371
0699daf0-92f8-48dd-bc23-c111cee30069,c5e80430-d231-4b4b-ba36-b8fdc718933a,1098940.439499689,1098941.832306193,1098944.752680703,2405,200,1.3928065039217472,2.9203745101112872
a6cf3cca-7497-4302-a3ad-d27f1428a612,01580029-b853-4a73-96e9-198754e7c6cf,1098942.234079289,1098944.571014287,1098945.1639559718,6473,25,2.3369349979329854,0.5929416848812252
10c0dbeb-d35e-4880-935a-b64813cc1ae5,c1178b93-624c-4368-a215-bbf1e0b91c17,1098934.348861172,1098942.985726544,1098945.326294472,1919,200,8.636865371838212,2.3405679280404
76583d8a-a2d7-429e-8473-0ef060dbec3a,22ad330a-90f5-4f19-8245-dae0d3c2f176,1098940.43949336,1098943.051443583,1098945.213962415,6586,158,2.611950223101303,2.1625188319012523
15b0f0d1-728f-4a9d-9e12-7713d2fa11fb,5feecc80-78cc-489f-a6b9-84a83af8bc36,1098940.439486462,1098942.12914558,1098945.218200646,6267,200,1.6896591181866825,3.089055065996945
62359763-75f6-442d-82f1-ddf95d459fdc,92e9c4f3-5a88-45b5-bba4-0d7a61180e52,1098939.323478513,1098942.31468631,1098945.209078426,6427,200,2.9912077970802784,2.894392115995288
b0e1f703-634f-4b43-b532-383f07b8cc3f,9f643b5d-c78d-43a4-a8c7-71bb7f808217,1098938.65803564,1098942.2293675838,1098945.1219641739,703,200,3.5713319438509643,2.8925965900998563
3dc4f620-1378-425b-9d4d-fa25e9db0c26,a1329327-31f8-4e0e-8c96-d4c38c61242d,1098940.439479257,1098942.1437494052,1098945.2206986542,1710,200,1.7042701481841505,3.076949249021709
36345af5-9244-423a-8971-08886ed1bd04,b9a1c60e-769e-4d7c-9bcd-7c30c553b14c,1098941.351476248,1098942.212461701,1098945.2832183128,6316,200,0.8609854530077428,3.070756611879915
1b2b2700-d152-42be-9fa0-85bc1471a259,80054dbf-463c-40e8-8df3-863c643bb1d5,1098940.439488893,1098942.3445593568,1098945.21929158,3671,170,1.905070463893935,2.874732223106548
547691f6-32e7-4f42-97d3-b89131f43119,b654d5e6-e3eb-4dbc-aa01-60dee8fba52e,1098939.323461554,1098943.111476077,1098945.221539947,2767,128,3.7880145229864866,2.110063869971782
108f8471-0329-4107-bf6e-9bbe546adbe6,cccb58ff-6359-4960-8b86-e8900d8deba6,1098941.35149011,1098942.4304956128,1098945.486550676,2424,200,1.0790055028628558,3.0560550631489605
bb433d3b-6684-4d06-9dcb-6723eb9dfd0d,61aaf7d9-5163-47db-a2f7-a5dfc87dc710,1098933.35104239,1098942.37436743,1098945.4263497891,3784,200,9.023325040005147,3.0519823590293527
b98e22ac-9759-467c-aec2-0c43db46b4bb,966e73e3-01e1-49dd-97cc-3b17b0344882,1098940.439495601,1098942.375008812,1098945.4299887149,6207,200,1.9355132109485567,3.05497990292497
b820e9f5-1c91-414b-ae9b-20561cb2fe9d,79555c7b-a7d6-4507-9ba7-d84dc5f17364,1098936.334338552,1098942.9383050692,1098945.5151010181,2215,200,6.603966517141089,2.576795948902145
26b25d8b-822a-4a68-92af-3f735ffb27eb,e89d00a2-aef6-4faf-a8f6-58052acdc0b2,1098940.439497734,1098942.854765217,1098945.430378305,3701,190,2.4152674830984324,2.5756130879744887
5f6fa6c0-2d39-4d56-9a97-b15334d91216,c0256791-c1ba-4f9d-be2a-b22ce90b509a,1098937.322144796,1098942.8308910287,1098945.4048448668,4121,200,5.508746232837439,2.5739538380876184
3ededcc4-50d7-4dd8-b33b-fb35b53a79af,572c2839-ba50-43b8-b7b0-0bf23c8d57dd,1098928.278413162,1098942.7492121512,1098945.3149649152,5710,200,14.470798989059404,2.565752763999626
f9825361-6699-46d3-b913-3997c0e55fc2,67051a1d-89a2-4ed0-8ddd-2edca032ecdb,1098941.351486764,1098942.931396423,1098945.496254535,6374,200,1.5799096589908004,2.5648581120185554
07754764-6ac3-4aae-b40d-3060da3be553,62010be8-f099-4914-b6f4-3848f181a33a,1098940.439491149,1098942.873057423,1098945.436481718,6143,200,2.433566273888573,2.563424295047298
ad6ecb3d-f527-4993-bd26-f1956dfaed67,2165f3a7-24a0-44d8-a18c-2a333f2e202e,1098939.323472493,1098943.042111502,1098945.5472276711,1184,200,3.7186390089336783,2.505116169108078
0a4a6c9c-69d6-418b-8cb4-eba1888a90b2,a38cc03c-0c15-4c65-b327-0a790b0f3638,1098940.43950474,1098943.048364212,1098945.546357119,6431,200,2.608859471976757,2.497992906952277
ee310c7b-7689-4e06-80f4-8a7f93610cc9,0063e1c2-efc9-4319-b73c-26561d65a9f4,1098940.439502212,1098943.050659251,1098945.54792426,6313,200,2.6111570389475673,2.497265008976683
cedb32a9-e854-42e8-8e11-94b2ba68a9ff,ae9da31d-1fdd-4854-b3ec-afc0865d2ca8,1098941.351492428,1098942.384516033,1098945.613716302,675,200,1.0330236051231623,3.229200268862769
c98f1706-e96e-472d-8658-9194f6742300,4717d3eb-c887-4854-adc7-7c474067cf88,1098944.596164702,1098945.881620722,1098946.216296834,3058,28,1.2854560199193656,0.3346761120483279
aad77606-9260-420a-94a2-4e77f2a57468,3fad36b5-6bb3-4dd2-b7e5-7ce7e5787a0f,1098942.234085108,1098944.536713232,1098946.353322451,1750,200,2.3026281241327524,1.816609218949452
a8c68117-7f08-4f2f-aabe-1e35de9ad064,50febabb-892c-4a87-b8cf-3f82b8fdd573,1098942.234070063,1098944.58249906,1098946.47464206,6522,200,2.3484289969783276,1.8921429999172688
6cb3d37f-0334-4b6d-a6df-f41625eb68d0,5dd975b0-30ab-46b6-96e0-39b315e33c7d,1098942.234082287,1098944.874183197,1098946.524687241,5788,200,2.640100910095498,1.6505040440242738
cf1c9847-decf-4c26-a601-580127e3bd20,8430f359-c0da-41c2-8c0a-99afadae6c25,1098943.480868457,1098944.523201844,1098946.7582963,6412,200,1.0423333870712668,2.235094456002116
9aaf135c-5d40-4e75-90a7-244a3d3000f5,9079960d-2c5e-4892-b03f-4c965fd9712e,1098945.607897326,1098946.0927211589,1098947.0406046207,2731,78,0.48482383298687637,0.9478834618348628
a8dd865f-46db-4432-acbd-dc6c508acdde,c6e38f2b-0d99-430b-8e69-70df034e0023,1098943.480878317,1098945.164844413,1098947.341234293,5861,200,1.6839660960249603,2.176389880012721
ad6bd682-1066-4868-962b-71234783c337,6fabae89-8106-4a2d-87ea-938cd36cda15,1098944.596146946,1098945.652025895,1098947.552893839,1002,200,1.0558789488859475,1.9008679441176355
881b2edf-177f-476f-89d3-3023f38625f4,dcff9a1f-a60c-4377-8789-154950a7f139,1098943.48088432,1098945.6547574261,1098947.638683533,6192,200,2.173873106017709,1.9839261069428176
486e840e-5e7e-4236-b0f0-37ca49eaf9fb,6788d54d-4159-4b04-b9ab-1d1eeea6d9b1,1098945.607885242,1098946.0002181039,1098948.0768931638,1542,200,0.39233286189846694,2.076675059972331
606aa13a-8074-4231-8422-e417bbabf9fd,2e6d427c-5d5d-4341-bd59-5c0bf98acf50,1098945.607894235,1098945.933311371,1098948.187069639,2540,200,0.3254171358421445,2.2537582681979984
bcbb9ea6-6112-4eb8-a481-678bd394cf9e,26c258a6-5b59-44bd-b849-a28547921f76,1098943.480881629,1098945.912415518,1098948.188950085,6440,200,2.431533888913691,2.2765345671214163
d4149523-b0f4-4adc-9fc1-f084ebea55b7,bfa767e2-3dd3-462a-8100-22c9a1611ab7,1098945.607899699,1098946.0903548459,1098948.2125715099,1357,200,0.4824551469646394,2.1222166640218347
41a30cd7-cb56-41a4-8645-c617771378f7,b43a54be-56bf-4383-90c8-2237a54a894d,1098943.480886774,1098946.018236026,1098948.2079472519,3069,200,2.5373492520302534,2.189711225917563
82f62d64-efa8-4c2f-993a-f6b201774f8c,fd8747e3-d18e-47de-ad0f-7ef2dda19974,1098944.59616693,1098946.072852827,1098948.4285123479,6337,200,1.4766858969815075,2.355659520952031
424d24b5-f2e6-47c6-b2b7-1f4a4bc1880d,439e0127-230c-4593-b4e3-e1cd2be6e4d2,1098944.596161355,1098946.392689312,1098948.46625096,6286,200,1.7965279570780694,2.0735616479068995
b64bdeff-ef3a-4e9a-b355-cb47f1f0f247,190e5313-6c7f-41ec-98a7-7c21e80df0f7,1098946.252537161,1098946.6460854183,1098948.6238243491,4902,200,0.39354825718328357,1.9777389308437705
a6672723-e2dc-49c6-b84a-4a5ed65fb863,f5152412-29dc-4335-be1c-ee1dc24e4c82,1098946.252548526,1098946.818037224,1098948.784888637,7202,200,0.5654886979609728,1.9668514130171388
7d508380-147a-4582-b142-b9c267e35142,7f8c295b-2bf1-4118-b828-2a33e7d46182,1098948.26957931,1098948.850114933,1098949.346546788,3778,54,0.5805356230121106,0.49643185501918197
ab3b5a7f-fd07-419f-88df-95e6a069f4c8,6390146e-f25a-4269-b965-86f87e50701d,1098947.40362767,1098948.496062814,1098949.370771796,3408,101,1.0924351441208273,0.8747089819516987
1cb458e4-ed0a-4a7f-875c-9abbb37513f0,c7dd51fb-3966-4c0d-8619-1b4983c7d99b,1098947.403631973,1098948.569766185,1098949.523545166,5167,99,1.1661342119332403,0.9537789809983224
b419d7c8-d3f7-47db-bed8-234d7c3d5a28,906139de-bfcf-4e94-9bec-98a4621dbed1,1098947.403604496,1098948.149743685,1098949.716334895,3617,200,0.7461391889955848,1.5665912099648267
15c0a0e0-257f-4167-85e1-01fd16f6ce9b,5ff78ba8-aec6-4968-b820-e7cd608f5eb4,1098947.403621046,1098948.2205034252,1098949.809347609,1623,200,0.8168823791202158,1.588844183832407
08bd2926-ee11-496a-a4a0-90332dbcedec,1ce0cc43-25d2-46e0-91e4-43901076cdf9,1098947.403633998,1098948.583883248,1098950.399790609,2344,200,1.1802492500282824,1.8159073609858751
9783eaf6-2451-4dab-a110-2e51e5520a47,370e9c6e-76c4-4f5f-94a2-56eda56ca89b,1098949.287665104,1098949.792819152,1098950.5369346288,1821,69,0.5051540478598326,0.744115476962179
385f0d2b-b454-4041-9b98-5979ec4fa5c6,8094c720-081f-4a98-aca9-d83abaec4c87,1098948.269576053,1098948.736463861,1098950.603558136,1848,200,0.46688780817203224,1.8670942748431116
8a9cba1b-199a-423b-9fd8-6e53c80a5f97,abc0c6cc-0bfe-4666-83e8-64b03ca4efa9,1098947.40363009,1098948.248853737,1098950.630133034,2324,200,0.8452236470766366,2.3812792969401926
b69ee355-ace7-479d-99ff-74ba03fc2732,df831d09-321b-4ae9-9739-8a1cee2e855a,1098947.403624941,1098948.921230347,1098950.634630021,6281,200,1.5176054059993476,1.713399674044922
bd156f9f-9cf0-4cab-992c-891bcd1495ce,01524993-21d4-4d2d-a5d5-91a5663d91e2,1098948.269555756,1098948.854003576,1098950.628588784,5881,200,0.5844478202052414,1.7745852079242468
a1251d53-6485-46a2-ac22-79daf47c1653,12ed77b0-f0e1-4d6e-912d-ddc62a0ba391,1098949.287667613,1098949.966164633,1098950.6392066479,6055,82,0.6784970199223608,0.6730420149397105
bcf85197-0849-4109-8266-5c090e2db6a4,43fe2249-85af-4fbb-8dd9-4e1a5ca35870,1098949.287649019,1098949.689397051,1098951.409404787,998,200,0.4017480320762843,1.7200077360030264
73b03ce7-1f23-4bb0-a945-b73753efe0c9,8deda839-744f-496a-8cdb-5f824f48fd60,1098949.287661338,1098949.7104974198,1098951.977257245,484,200,0.4228360818233341,2.2667598251719028
599d3a47-8198-4ecf-9c8a-57d778c1294c,2cd32f10-6a09-49cd-8240-78a3d16e83e9,1098951.240765384,1098951.456364485,1098952.535306954,2872,74,0.21559910103678703,1.0789424690883607
f6f1c518-3244-4279-936e-217d1442d991,ad6e0805-854b-4ad4-b718-81d6c8218f27,1098950.320881898,1098950.993700931,1098952.861498468,5125,153,0.6728190330322832,1.8677975370083004
39ff9afa-6caa-4fd0-a978-276c45944062,c0e273f1-c346-4c7f-ba9e-53a9c61c18c0,1098950.32089771,1098950.776904475,1098952.969151908,5869,173,0.4560067648999393,2.1922474331222475
43a59469-ee2c-4a95-9a12-9b036dbd214d,a014b4f6-1f69-4153-959c-5c494d3c617b,1098950.320909355,1098950.793636199,1098953.093507034,790,200,0.4727268440183252,2.2998708349186927
c6a29b50-102d-4a4e-9c9c-87d501be9d88,e2758233-3b9b-4d9c-ada4-f41e0412e585,1098951.2407925,1098951.6935693102,1098953.1402107442,2999,106,0.4527768101543188,1.4466414339840412
2e7bd760-a5f2-4061-a488-c2099d31390a,e4e2e608-ce54-4ee6-8651-29dcfd54dc86,1098950.320904091,1098950.851045068,1098953.278701925,927,200,0.5301409768871963,2.427656857063994
eb537539-3446-4ec8-8835-358bedeb1123,3e3695d3-7980-4436-b728-80c0b07f02c9,1098950.320901238,1098950.83592452,1098953.365479312,5605,200,0.5150232820305973,2.5295547919813544
853b4ba5-0902-4c0c-8f98-246504eadf10,81f274fb-2e6f-430c-bca5-cbd3ec69d401,1098951.240785508,1098951.755705447,1098954.082775887,6331,168,0.5149199389852583,2.3270704401656985
71911e2e-e63e-4bde-9d6d-5d947c8b1fcf,f7d0a3b0-3709-4619-b382-915a0b45357c,1098950.32090697,1098951.1032825918,1098954.1527556388,6585,200,0.7823756218422204,3.049473047023639
1c286df2-ba08-4ad7-98fa-11e6b061e36c,aed0c80f-ef61-4db3-a266-35516e5cb5b1,1098951.240780832,1098951.618028961,1098954.222202459,817,200,0.37724812887609005,2.6041734979953617
3b18c359-155b-44cb-b231-05b9b489162e,52b8d013-981a-41d3-8520-eb23e5010775,1098951.240789297,1098952.171785018,1098954.4134586419,6150,200,0.9309957209043205,2.2416736239101738
f59017bb-314a-4810-b573-93c40183b988,0691447b-4b91-4b36-9c39-fd2b25d1d966,1098952.239393647,1098952.8567013561,1098954.806627233,6966,200,0.6173077090643346,1.9499258769210428
d58d79ea-a419-41e4-9959-9d1b15c48592,799e20b1-36a1-4282-9d47-3faabcc08648,1098952.2393822,1098952.6963957148,1098954.8881390349,6443,200,0.4570135148242116,2.191743320086971
8d64af77-0cb6-44ee-856a-2084e6520bdb,6b878a33-5f67-484e-9f15-8dc6a9ae6662,1098952.239402354,1098952.96830194,1098954.883269738,4480,158,0.7288995860144496,1.914967797929421
613709b3-09a6-4d96-a305-2b733dd789e0,eac78716-775d-4fad-95de-28cdcbfe901d,1098954.246916218,1098954.432079984,1098954.943136358,4488,51,0.18516376614570618,0.5110563738271594
fe74d59e-5323-4f76-8ce7-aa6f38679d14,118b77be-9ad9-4df5-8b48-c03d9e5c8b6e,1098952.239397132,1098953.002083749,1098954.9526354931,1628,200,0.7626866169739515,1.9505517440848053
cb1ba535-8a36-4f17-8a3d-633d821813dc,01d20233-ba05-4142-a870-402681c0fb91,1098952.239399985,1098953.1846468188,1098955.0932635248,5176,200,0.9452468338422477,1.9086167060304433
ad0be92d-1084-4eeb-b2c0-ba2a8493adad,292a9ec3-7dac-4e8f-8c20-f84e90560a11,1098954.246938812,1098954.9843163681,1098955.2859456502,6445,31,0.7373775560408831,0.3016292820684612
2441b570-3e04-40b6-b709-d18a44168520,fed8f82c-7ec3-45a2-b128-1e40c532bd83,1098953.22146694,1098953.5642407169,1098955.400510163,2563,200,0.34277377696707845,1.836269446182996
e7778a62-f1d5-4c45-bc2a-81d5cbf8b749,11ed2698-a70a-4704-b64c-933c1e3f5226,1098953.22144769,1098953.68465506,1098955.541339978,5977,200,0.46320737013593316,1.856684918049723
96c4b925-7aa8-4daf-8d1d-b9ebf7c3e844,ceefa533-f37a-4408-af9f-4ed7830209c4,1098952.239404457,1098953.4712877139,1098955.675087831,6313,200,1.2318832569289953,2.2038001171313226
9bdccd4b-63e2-401b-b764-40a7caddf49d,8d422f2a-231f-45fb-a52a-f07367e2f4cc,1098953.221472049,1098953.978556017,1098955.8647212049,6185,200,0.7570839680265635,1.886165187926963
be85d396-f6d2-49d9-8419-7a91fb756ba2,0e78f555-d2c5-4fe2-81d1-9a7530f75bf4,1098955.223162872,1098955.812289414,1098956.5792510558,2653,59,0.5891265419777483,0.7669616418424994
3ba26112-63c6-4992-a087-07c75fbedd70,4abbb17d-526a-4a7b-bcb0-eb3b6a1371f2,1098954.246928333,1098954.74103703,1098956.68027661,731,200,0.49410869693383574,1.9392395799513906
b6f69ac9-733d-4c9e-8c3a-7efa4dfb4bae,c5c63911-9805-4346-a627-b123c84bf691,1098954.246936716,1098954.974184057,1098956.982535028,5977,200,0.7272473410703242,2.008350970922038
7afc55a8-9066-4c7f-ace2-ad2f610c2a17,649f563f-c280-4cb5-a6b1-81e9567055cb,1098954.246934683,1098954.958478393,1098957.055200826,6208,200,0.7115437099710107,2.0967224328778684
70104233-71ba-48f4-b1f8-4d44c8a6146d,f59505d6-2c8a-4269-b06b-4a09a34c57e0,1098954.246932169,1098954.93176602,1098957.2248056137,5829,200,0.6848338509444147,2.293039593845606
079bba4f-6af5-42b3-8593-cb8da9bc7317,ce6f50d7-6546-4e5e-801d-c1df390fc739,1098955.2231281,1098955.518110101,1098957.475861058,2919,200,0.2949820011854172,1.95775095699355
9b0a7176-89e5-4bbd-b06b-ef44b35a1d72,13990c43-6738-458d-b63c-4d87efe484c9,1098955.223147277,1098955.820065095,1098957.981443913,1323,200,0.5969178180675954,2.161378817865625
c2c3bcfa-32c0-4431-9bc0-800248e97e57,7dffa10a-2db3-48f9-af53-bddccb30f2a3,1098955.223155393,1098955.84411325,1098958.012696202,4284,200,0.6209578569978476,2.168582951882854
4b9f59ca-82aa-4b81-9dec-78001357c37a,b43a54be-56bf-4383-90c8-2237a54a894d,1098955.223143753,1098955.6033368988,1098958.018964285,3069,200,0.3801931459456682,2.4156273861881346
e94fbb8f-e141-4dc0-8cc4-dbd9999fe5d6,0a292c2d-a16c-463f-8328-8918f0e015aa,1098956.267774119,1098957.3575353632,1098958.0247988661,1752,64,1.0897612441331148,0.6672635029535741
c42615e9-658b-472f-9756-a4f902d82b52,e7803957-8926-462a-a31e-30cdb1c9ec2d,1098956.267782161,1098957.032029979,1098958.106843005,3782,121,0.7642478179186583,1.0748130260035396
00c05e6e-82ad-4628-8cd4-5e260ca83411,df0f9f8a-9867-430c-98ce-3f30f838e161,1098957.241321637,1098957.880502448,1098958.211350549,5677,37,0.6391808108892292,0.3308481010608375
b7bcb099-0294-49a3-b3ba-2e43aad64dce,1b5b7ec9-af75-4404-bc92-07d960135fb0,1098955.22315278,1098955.8174050949,1098958.2093014529,6290,200,0.5942523148842156,2.391896357992664
5051ab29-c16c-4387-94d4-7003e0124f52,ad9c75bd-75e6-40d2-be4c-6dde6eda0590,1098955.223157933,1098955.8175556771,1098958.2244022351,6250,200,0.5943977441638708,2.406846557976678
ff349526-045b-4a3a-8891-dc22541de1ef,32495d31-4c0d-459b-9532-97f707faea14,1098955.223150135,1098955.9858873289,1098958.298946393,2309,200,0.7627371938433498,2.313059064093977
c0273377-7193-4379-950b-28ed7daf1d03,c174f84e-239e-4505-9877-710ea1e1aa00,1098955.223160311,1098955.987562083,1098958.360627786,4535,200,0.7644017718266696,2.3730657030828297
f567bce5-a8d1-4ea5-8bf2-46ee1837d3c7,e9f9f184-5441-434e-b0d6-f2a3a2cebb12,1098956.267767909,1098956.627454503,1098958.590582113,1619,200,0.35968659399077296,1.9631276100408286
8372b363-6838-4499-b7f2-3e26a34ba652,8beb7c75-b625-4124-ba58-b23ff800a95e,1098956.267743976,1098956.598731304,1098958.736842977,1221,200,0.33098732796497643,2.1381116730626673
a2b22104-bcf1-47a0-b30a-5d1e3632e06c,b9128bf0-2636-4290-afce-cc0c01a9a3d0,1098956.267776991,1098956.967050712,1098958.963299246,5565,200,0.699273721082136,1.996248533949256
1d1e1ddd-d95b-42d5-b6ee-3da9fcf2415f,5e58d4ca-bf58-4ee2-994c-fc398a6a70f7,1098956.2677715,1098957.14248034,1098959.11047259,5259,200,0.8747088401578367,1.9679922498762608
75c921fc-d774-4a94-b8f6-8db5addb5ab0,0c3fef3b-dca1-42b1-bf99-d0432500b549,1098956.267779457,1098957.184093852,1098959.153896528,4469,200,0.9163143951445818,1.9698026760015637
6897d41d-594e-458f-aa10-4dce0805980a,ff19633c-acff-4576-b01e-d80c3fbca124,1098957.241306538,1098957.686033363,1098959.4232028062,5898,200,0.44472682499326766,1.7371694431640208
15b7efc4-fada-45c1-9bed-f0553439988c,9e3c8867-59dc-4f49-8675-cc60714855dc,1098957.241325313,1098957.880769562,1098959.7695269722,3695,200,0.6394442489836365,1.8887574102263898
ed945ba1-bd1b-4e21-ad2b-837eed1b835e,99739e4b-0948-421b-91a7-a3c430be6f19,1098958.253470869,1098958.4961976572,1098960.367454593,953,200,0.24272678815759718,1.8712569358758628
6ff15b1b-1396-4ef0-87a5-a744db27dd36,c6b975b3-883d-4959-9258-7d41be847c3b,1098958.253464617,1098958.697643886,1098960.547881649,5856,200,0.4441792690195143,1.8502377630211413
d763ff8f-5465-4a81-89a5-0c4990f7e377,2cd9f398-23c1-4f32-aea2-8dac6a11d683,1098958.253474252,1098958.5796278531,1098960.573741897,1045,200,0.3261536010541022,1.9941140438895673
62618adf-991a-4347-9792-3764814b7368,6ea89213-a24b-4e04-9166-3ae74526c64a,1098958.253468763,1098958.705592446,1098960.57763763,1355,200,0.4521236829459667,1.872045184019953
3660ec62-b035-4f1c-a376-6697609e3fe6,55d2324f-c44a-414f-861b-ac4705ce2f69,1098958.25347274,1098958.789918024,1098960.697321762,3032,174,0.5364452840294689,1.9074037380050868
341b48b9-0b4e-4753-a30a-80d07af3b69a,3ac1f3a7-813a-4683-b941-b18074fd7722,1098958.253467038,1098958.627557656,1098960.741724156,2603,200,0.3740906179882586,2.1141665000468493
2726d8ce-e0b8-4f2c-9363-6120561317a0,c9558e45-2a86-403d-85c0-a9d29a0abf12,1098958.253455061,1098958.5755033959,1098960.931032811,5140,200,0.32204833487048745,2.3555294151883572
2ebbeb1b-0527-41f6-9b70-82d68bbab7cb,dd8abcd2-6f78-4e3c-b821-2725f6f61b99,1098959.224888704,1098959.4632325799,1098961.729749695,1663,200,0.23834387585520744,2.2665171150583774
0029a3c7-f63e-4d24-a2ba-d565d4d2fd41,46895bab-7df6-44fa-8603-fc2f9ac66342,1098959.224884756,1098959.512744695,1098961.901692461,4199,200,0.2878599390387535,2.388947766041383
0f3b0ce7-a875-49ad-ad13-6134d5517d67,b654d5e6-e3eb-4dbc-aa01-60dee8fba52e,1098959.224853108,1098959.4252547899,1098961.935949185,2845,200,0.2004016819410026,2.510694395052269
0e61bd04-bb6e-4c9d-930a-abca7c677c66,4717d3eb-c887-4854-adc7-7c474067cf88,1098959.224891612,1098959.696946786,1098962.154596664,3038,200,0.4720551739446819,2.45764987799339
dd2d02db-9cbc-4362-bae5-a1d367b16496,46bf7e07-8121-40ed-8854-6f622d8117c7,1098960.244271926,1098961.024418625,1098963.539212989,5543,200,0.7801466989330947,2.5147943638730794
44c31733-9415-499c-9546-ab1dc284511e,fe06d773-cd9a-42bf-b1d7-614c1c625f07,1098960.244254508,1098960.714491605,1098963.598826657,6376,200,0.4702370970044285,2.884335051989183
8b20b21a-fbba-4af9-b481-505847746e29,19c30b89-49e6-4785-b4ec-da68e367d4ae,1098960.244265415,1098960.9627707622,1098963.658780826,6440,200,0.718505347147584,2.696010063868016
80c5f7e1-f12c-40c2-9013-31505af4a45a,384c381c-9e43-46bc-ae6e-f423ed8194ee,1098960.244269313,1098960.912875927,1098963.776527862,5187,200,0.6686066139955074,2.8636519350111485
edd403f8-5ad4-46e0-a554-95167a417e9b,5363cb6c-edd6-43d7-9a0e-58df46053aa0,1098960.244274625,1098960.9826676662,1098963.7965105502,6179,200,0.7383930410724133,2.8138428840320557
a3fd4cb9-3e44-4cab-bd6b-39bfbdb1fd26,37a01d59-0e82-4874-a0c6-e70aa5765dda,1098961.245240783,1098961.857427394,1098964.1110964129,6354,200,0.6121866109315306,2.253669018857181
c0af0c45-b56c-4523-bb8b-241b350eea9b,41d72990-c4f9-4f15-a3a5-0d6b55ca3bc4,1098961.245229315,1098961.422065029,1098964.178712199,552,200,0.1768357139080763,2.7566471700556576
6beadbd0-9926-4743-a6f8-5e39e7271240,70efcdcf-b43e-4fea-9b8e-1b80008b762c,1098961.245244233,1098961.631312005,1098964.331598065,2234,200,0.3860677720513195,2.7002860601060092
1ae26bdf-ce4c-47b0-a34c-762e846770de,d6e42e4d-4caf-4c43-b542-af920a9f2350,1098962.233669937,1098962.6059836599,1098964.7312028059,3189,200,0.3723137229681015,2.125219146022573
48832fcb-c412-44b3-b1c9-3f3533090cdd,c226d327-ec87-408c-844a-cb6a344c2aea,1098962.23369209,1098962.573547973,1098964.716259785,356,200,0.33985588303767145,2.142711811931804
b873f452-1ab5-458b-9aa0-f834ad3feb76,ab5c571e-66fd-45fb-a12c-d2497b60f982,1098962.233689714,1098962.634772864,1098964.78550072,641,200,0.40108314994722605,2.1507278559729457
e061f02c-28d6-49d7-9cfe-fcf0e0969bc7,33dc18f9-e1dd-4050-ba46-e0d05a421864,1098962.23368605,1098962.651552785,1098965.002024615,3587,195,0.4178667350206524,2.350471829995513
fcecc4f1-2024-4221-8654-562da20a571f,cf3db011-98a5-4583-9d91-eb16b37b5740,1098963.323767746,1098963.6525195881,1098965.1764544751,861,131,0.32875184202566743,1.5239348870236427
668ec069-8681-4861-9d33-6d3b62be32b0,5b7afdee-bc23-4cea-8c95-ee1786504a83,1098962.233698343,1098962.823589212,1098965.19210744,3366,200,0.5898908691015095,2.3685182279441506
8a75dae8-cb7d-40f3-aa01-bae1190cad56,f83a6d5d-465c-4ff0-bc0f-6eab5f238de4,1098962.233700471,1098962.8506670732,1098965.362312769,6377,200,0.616966602159664,2.511645695893094
b2bb2933-f5d4-4c5a-91cf-8260673daa91,00582910-d45e-43fe-9151-b2d8aa205d5a,1098962.233694312,1098963.3003069959,1098965.602812424,6237,200,1.066612683935091,2.302505428204313
49498dca-86d0-4178-b3c2-26e1cdee992c,8753a8da-483b-43c1-bb7e-968667ba09c4,1098962.233696345,1098963.295220481,1098965.684499586,5792,200,1.061524135991931,2.3892791050020605
cd0a383a-31a3-4b55-9a9b-3cd8a51edcfb,c042296f-1f45-4a47-8fd6-d3a427bbfd9a,1098963.32375597,1098964.1244458628,1098966.5270917409,5340,200,0.8006898928433657,2.4026458780281246
d7acad9d-366d-4496-9bce-a9e94bbf0162,c6e38f2b-0d99-430b-8e69-70df034e0023,1098963.323771567,1098964.3557695472,1098966.5902937972,5809,200,1.0319979800842702,2.2345242500305176
e2fd6ef7-2dec-4f7b-a0b7-f44c4eab4778,e8cd8757-8340-4c5b-9d26-05f2b0bf23b8,1098964.229364958,1098964.5482945049,1098966.62805163,3166,200,0.31892954697832465,2.0797571251168847
fd628bb0-98ed-437d-adad-871e7bf59533,cc7c6485-ac31-423b-8903-23389e9ecb8c,1098963.323777943,1098964.4341423209,1098966.778648092,6583,200,1.110364377964288,2.344505771063268
800e7124-3efe-4bcb-8889-1704e2f8ba25,21aff5d2-52eb-4393-97d6-cc63d6a99afd,1098963.323774785,1098964.401860934,1098966.8457081981,6329,200,1.0780861489474773,2.443847264163196
9d876f45-bb42-4729-b345-352f80450f9b,33cf4974-3a90-4987-86e1-7c8c5d8040df,1098964.229353205,1098964.478729092,1098966.883525174,1894,200,0.24937588698230684,2.404796082060784
77ea15af-f92b-4749-830f-b939d3d30ae2,83bb93d5-935c-47c5-ad10-6b74cc73f69a,1098964.229368725,1098964.815617441,1098967.070964137,5384,200,0.5862487158738077,2.2553466961253434
84ffdc91-88d5-4af8-bfe6-8b1944d55afa,6390146e-f25a-4269-b965-86f87e50701d,1098966.250783335,1098966.7556803261,1098967.35098053,3401,56,0.5048969911877066,0.5953002038877457
90775521-0968-499f-bfd2-b874552296fb,6ccb629d-90a9-4625-b6a2-eeeb27f2e288,1098965.223871392,1098965.4376716968,1098967.5756550708,1440,200,0.21380030480213463,2.1379833740647882
bbbb09eb-1867-481c-8bad-9805b57d80a8,a5fcfe4e-eb51-4ac0-b8bc-d87496e3d9cb,1098965.223893539,1098965.541099328,1098967.630904135,1703,200,0.3172057890333235,2.089804806979373
dd590b3b-38c0-44d1-a6a9-e62487712807,bc1de8c2-a6ae-4eed-92df-8609cafce1c4,1098965.223890972,1098965.5328198632,1098967.638645509,1127,200,0.30892889108508825,2.1058256458491087
678e3c92-4c67-45fa-b713-c93783a40af4,4a8c5b6b-e155-42ad-badf-17b8d48d8aa9,1098965.223887524,1098965.7627437653,1098967.7941067102,4355,200,0.5388562411535531,2.0313629449810833
b99a5ef7-f179-4684-b193-98b4bc4438bb,9f643b5d-c78d-43a4-a8c7-71bb7f808217,1098966.250785383,1098966.707370165,1098968.713391261,703,200,0.45658478210680187,2.006021095905453
48a354bf-c678-4b53-8c7d-97504c51136a,92dcd987-4459-4c21-98a5-5129ac92bc66,1098966.250780486,1098966.757341215,1098968.7313009559,4751,200,0.5065607288852334,1.9739597409497947
2f7ab6f3-9e69-4a20-8691-d5781e161f06,458e899c-964f-4008-90b4-694cb94dfddf,1098966.250769816,1098966.6472330291,1098968.771943949,5048,200,0.3964632130227983,2.124710919801146
55ac75ed-54f6-48b4-88b8-7a2538a7523e,bba30c2c-2f5f-43ba-8618-041c52204c6e,1098968.212063373,1098968.783044728,1098969.302873262,6204,44,0.5709813549183309,0.5198285339865834
cd780886-2d0f-492e-a05d-b86a31d8bfb0,c7fa4698-9161-46a4-be00-36f3a587634a,1098967.221361539,1098967.482304366,1098969.44660041,1749,200,0.2609428269788623,1.9642960438504815
afa47904-d4de-492b-8894-af7ed885e770,5dd975b0-30ab-46b6-96e0-39b315e33c7d,1098967.221350453,1098967.6666423471,1098969.7481089511,5788,200,0.44529189402237535,2.081466604024172
23712276-97d1-4ac2-a7cb-5d8c0b7c8d65,616f129f-3b5e-4571-8580-6d776d7d23f8,1098968.212066872,1098968.463757668,1098970.603403946,2495,200,0.2516907958779484,2.13964627799578
947ab90f-900e-4bfe-8f78-48429dca18b4,8169c7c3-afba-4513-82f8-29a3792b9971,1098968.2120702,1098968.749925835,1098970.7230934668,6090,200,0.5378556351643056,1.9731676317751408
9ac32e48-2c6e-43da-b114-a1a72363bb5d,a49d24aa-32c1-4fd9-8039-e95dd8e8abd7,1098968.212060483,1098968.8370552259,1098970.8118755228,5785,200,0.6249947429168969,1.974820296978578
13e63c5f-1695-4116-b5bb-32c516662d81,f554436d-1d1b-47f3-a997-b59b79320c86,1098968.212035863,1098968.7169558671,1098970.886527289,6010,200,0.5049200041685253,2.169571421807632
bc2b5c2d-d631-43c4-a59a-8e15877c908e,4368eee3-45f1-41a9-9c4f-60292d5f062d,1098968.212056376,1098968.593313209,1098971.028952132,6042,200,0.38125683297403157,2.435638922965154
a82b8793-141e-4f3d-b55c-3dcfbc18fe4f,2de8f2d6-66ab-4a07-90f9-203b01c54d88,1098968.212073806,1098968.8391076,1098971.138595375,6233,200,0.6270337940659374,2.299487774958834
cdacf37d-27e7-458d-833f-03248d483032,6c566894-07f4-460e-aed1-dffa6c9aa451,1098971.226316743,1098971.473214233,1098971.7152087179,2530,18,0.24689748999662697,0.2419944847933948
081f53fb-00cd-4571-8b9c-9dd55f5377f7,01d20233-ba05-4142-a870-402681c0fb91,1098969.239124676,1098969.8658339889,1098971.665365428,5176,200,0.6267093128990382,1.7995314390864223
44ea1d35-7e1d-4d29-9c01-b56f0a6952c7,a37337b3-4345-44c2-99d0-bd4fa96c3614,1098969.239078197,1098969.891456245,1098972.03541253,4848,200,0.652378048049286,2.143956284970045
24dcacda-1773-4ccc-9d92-7d3803a72ff2,5b4e6569-39b6-477d-b82b-e9fa840a6eac,1098969.239130973,1098969.8934986067,1098972.1423437379,6214,200,0.6543676338624209,2.248845131136477
c5ca9f4a-a5ab-461c-b8ac-907d04ffb83d,eee60849-6a21-4615-8b42-be632d4dfff0,1098969.239135366,1098970.320053232,1098972.594489363,6433,200,1.0809178659692407,2.274436131119728
fa6d76ce-5a3d-4e47-b938-99cc09bb1f64,2aacea92-7898-4f60-9526-e7a073521d56,1098970.230148241,1098970.7787891508,1098972.5828121728,5129,197,0.5486409098375589,1.8040230220649391
7e116759-e0e5-46a2-bbaf-b94555fe09f7,92822c32-6058-49fd-aa9c-0152bb38bb78,1098972.329865392,1098972.933624273,1098973.521562276,5839,58,0.6037588808685541,0.5879380030091852
3457e627-c86e-4c28-808f-54470543c28e,8152b1f1-7dee-46bb-b519-7a1651a49de4,1098970.230139981,1098970.750729248,1098973.374711981,6836,200,0.5205892669036984,2.623982733115554
3d726b71-9dee-49ae-8729-c6658d935f0b,2578c165-88d2-4fcf-8239-ee23a11cde02,1098970.230116645,1098971.0133679002,1098973.3820189612,6469,200,0.7832512550521642,2.368651061085984
3b2aa051-0d87-4a8e-9c62-91b77ef92e86,9eb46858-d5f4-4b3b-82d9-88cdaa73368d,1098971.226334301,1098971.532984785,1098973.5311666701,1557,200,0.3066504839807749,1.9981818851083517
a7432ace-6d80-4bb7-8d37-d6e618d58bfe,33e1e879-a9b2-42f0-b1cb-4f3cf8e6b433,1098971.226331059,1098971.678670122,1098974.153098555,6122,200,0.4523390631657094,2.474428432993591
68b0b052-96d0-459f-afc2-9fff14fca5ba,f68fd222-0137-4dff-931c-e9fcf351724a,1098973.233534505,1098973.663006004,1098973.923312721,6440,18,0.42947149905376136,0.2603067171294242
f3a0bccd-9f0c-4c2a-b136-7c49bb0d268d,edf00561-d5fd-43db-891d-a57747fab3fc,1098971.226336732,1098971.956917407,1098974.412405286,6076,200,0.7305806749500334,2.4554878789931536
ab45378b-8af9-4901-8292-4b62cc60c436,22ad330a-90f5-4f19-8245-dae0d3c2f176,1098972.329878384,1098973.178818268,1098975.601674644,6543,200,0.8489398839883506,2.422856376040727
542eada0-d95e-4165-ae90-77b833e8460c,bc1de8c2-a6ae-4eed-92df-8609cafce1c4,1098973.233521843,1098973.3878240632,1098975.6761789783,1127,200,0.15430222009308636,2.288354915101081
eae1a335-c516-4746-aa2a-fe0151958d38,b0504ddd-048b-41e3-b755-077cdf863893,1098973.233538306,1098973.728570354,1098976.077943932,6364,200,0.4950320478528738,2.349373578093946
3e2d43c2-f37b-4294-9cc4-9265952c740c,09329235-b77c-4c42-adf4-ff1827d1d710,1098973.233543382,1098973.7211218888,1098976.095192156,6310,200,0.4875785068143159,2.3740702671930194
53b7d0d2-71f1-497a-bdec-a3fe442c8a0b,e62f3f98-5d83-4b9e-9c7d-fc428edf1181,1098975.221958695,1098976.407013938,1098976.658541042,6488,20,1.1850552430842072,0.25152710382826626
c687403e-e941-4264-9cab-a3b01039fdf3,5fcd7bbd-da7e-4afa-95ef-18c316df5c14,1098975.221956108,1098976.177124534,1098976.7407537692,6223,50,0.9551684260368347,0.5636292351409793
d4b8f009-dca1-4246-8951-11221dbfd839,e89d00a2-aef6-4faf-a8f6-58052acdc0b2,1098974.26434034,1098974.5705413378,1098976.75174281,3905,200,0.30620099790394306,2.181201472179964
d18bddf5-942e-4f0b-a254-b888563bba5e,9724fec6-5a27-419a-835f-02d1cdee68c6,1098973.233540877,1098973.9103937328,1098976.488076004,6114,200,0.6768528558313847,2.5776822711341083
2069ad7b-bd3c-4744-8804-a2d0585264d5,190e5313-6c7f-41ec-98a7-7c21e80df0f7,1098974.264370286,1098974.9489986289,1098977.315980726,4900,200,0.6846283429767936,2.366982097038999
10ed0b9e-5126-483f-b633-187be1df8989,5feecc80-78cc-489f-a6b9-84a83af8bc36,1098974.264364426,1098974.704273608,1098977.3302939872,6229,200,0.439909182023257,2.62602037913166
3afaf4bd-7ce8-451e-94f8-c1c7efb9b7d4,c0256791-c1ba-4f9d-be2a-b22ce90b509a,1098975.221935638,1098975.596619656,1098977.7883013012,4121,200,0.37468401808291674,2.191681645112112
acd5ec11-230d-40db-8dfb-83543e0e310b,a66219a5-0bf0-499e-8da4-6217f9feef08,1098975.221961013,1098975.744974943,1098977.984354622,762,200,0.5230139300692827,2.239379678852856
5eb07e24-782b-4854-b75d-b79091fbb71f,ea672ecc-82bf-4d92-96e4-b9c2c87a2418,1098975.221967988,1098975.935869525,1098978.4274842928,6096,200,0.7139015370048583,2.4916147678159177
7482bbf9-fd1b-4fbf-b72d-6ee931bb9748,dc01cdfe-5594-4022-adeb-04dcc93573b5,1098975.221952768,1098975.923229248,1098978.832843732,6061,200,0.7012764799874276,2.909614484058693
509590eb-a8d7-4705-87e0-fce08cd2d4ce,af0a2a28-6ee5-4ebe-ac1f-2586f3821ce3,1098976.300749316,1098976.6362749182,1098979.1465591402,2590,200,0.33552560210227966,2.510284221963957
c0573451-cb7e-47cf-a7c6-4220f34e69b7,4605532e-01fb-47f9-adba-e8a42434e6e4,1098975.221963427,1098976.46798154,1098979.168493049,1039,200,1.2460181128699332,2.7005115090869367
c001391b-48f5-4acf-80c9-c4b5b416a045,016dd4b2-29b2-4b1e-8e7a-9002ec0e19e8,1098975.221965648,1098976.396428498,1098979.2896603402,1427,200,1.1744628499727696,2.893231842201203
0a3cf990-aa3a-4795-a225-9a1b6799145e,30910795-649d-4c33-afd7-634035edf721,1098976.300770962,1098976.9112013238,1098979.400818816,754,200,0.6104303619358689,2.489617492072284
516c14f3-8d64-43ae-890f-d445468fabe5,3a406cf2-2085-46e7-87f9-24bae68b9983,1098976.300761192,1098977.308359012,1098979.981217461,5919,200,1.0075978199020028,2.6728584489319474
0b69aff4-adbe-4a27-9992-73a711a1c42b,b5c4d38d-aba9-4af9-a091-5e7b12c9feb5,1098976.300768095,1098977.468062635,1098979.9792387432,6353,200,1.167294539976865,2.5111761081498116
4aee19be-028f-4660-8864-1db420ea0106,e2bb5c6d-8f13-4395-8e28-67275d11e72f,1098976.300773901,1098977.304687787,1098980.1172335169,3709,200,1.00391388614662,2.8125457298010588
9ce84486-c618-4149-b5e6-ae05303af1ee,13c8030e-be08-44bc-b1d5-1304416e7a6e,1098976.300765105,1098977.425232629,1098980.208087491,5794,200,1.1244675240013748,2.7828548620454967
fbea0a82-83e2-4dae-9f12-7d7973515e1c,8a111b60-2340-4df0-891d-81e653adc99d,1098977.347206778,1098977.9929706217,1098980.5069830217,6146,200,0.6457638437859714,2.514012400060892
fb019b94-b8e7-4fc7-9791-ae62f1f61b8d,cf7e77af-4024-47fb-97ee-71ec78b11b82,1098977.347231016,1098978.1534838052,1098980.769328603,4614,200,0.8062527892179787,2.615844797808677
e17e6251-aec1-4d88-a000-b4926fd53eda,44e83e1c-1083-44c9-9f17-132d04102b38,1098977.347228716,1098978.445233547,1098980.773434792,4275,200,1.0980048310011625,2.3282012450508773
e38788bb-65a8-4aac-b80f-8ea5665e8615,a91786b9-b70a-4ba9-93a3-3c49e7f6ffc5,1098977.347221979,1098978.035007467,1098980.89073529,6439,200,0.6877854880876839,2.8557278229855
05694ad8-8d5e-4000-ba35-29be39b2bd41,54d11fb0-e397-4273-8b83-8a5523a7ebef,1098977.347233711,1098978.844142156,1098981.109449106,6212,200,1.4969084449112415,2.26530695008114
15c34f85-cfd2-4b0e-951e-cc4d21735438,12aae71a-3e0d-4bf5-90fb-76d1a7c353ae,1098977.347226165,1098979.138140058,1098981.500013624,5673,200,1.7909138929098845,2.361873566173017
164f585c-3026-4cab-bb18-836206dd3732,26c258a6-5b59-44bd-b849-a28547921f76,1098978.24870836,1098979.186596154,1098981.689829626,6440,200,0.9378877941053361,2.5032334718853235
43042b8b-4919-4f10-a735-85194dcc2698,3a2ad835-f604-4d73-8e3d-7ad4422a62af,1098978.248718576,1098979.879059854,1098982.281722059,1211,200,1.630341277923435,2.40266220504418
231d6b1c-64e3-4a8c-9f69-2f2ad85713b9,93047e83-9aeb-4634-bc01-01c7fbdbf63d,1098979.375502187,1098980.150017119,1098982.282640625,6101,200,0.7745149319525808,2.1326235060114413
08817c62-c973-4ee1-b7fe-c5954c422c73,a38cc03c-0c15-4c65-b327-0a790b0f3638,1098979.375508721,1098980.2190402579,1098982.411295474,6431,200,0.8435315368697047,2.1922552161850035
35dcc426-3335-4dcf-8133-b56750d7f364,9079960d-2c5e-4892-b03f-4c965fd9712e,1098979.375505685,1098980.004495331,1098982.5522186,2739,200,0.6289896459784359,2.5477232688572258
f13c5dc3-ed08-4ed2-ac6a-28b4ca1e84c8,e5f863e9-3a7b-4d7a-bdd2-60bc8ad6448d,1098981.286789269,1098982.3845592327,1098982.6424717559,6152,18,1.0977699637878686,0.25791252311319113
0bf0bfdf-f25f-4fde-ab50-f09dfee3928f,1e1a7e3b-879a-4933-96b3-e424b396be80,1098980.248950562,1098980.640838865,1098982.743986379,2523,200,0.39188830298371613,2.103147513931617
c7c72590-20be-4df4-853b-6853e25ea7a6,804b8669-7bd9-41ef-94fe-2ae1da627a93,1098979.375490539,1098980.418732212,1098982.778913931,6928,200,1.0432416729163378,2.3601817190647125
4736499a-87b8-48a1-855d-ba976f1d4d2d,83bb93d5-935c-47c5-ad10-6b74cc73f69a,1098981.286767,1098981.4540162082,1098983.676766335,5384,200,0.1672492080833763,2.22275012684986
df077c98-1c10-4e6d-a944-edb47f606684,624225ef-629e-463c-88fa-426505dea49e,1098982.229645167,1098982.8511129231,1098983.820522515,6393,82,0.6214677561074495,0.9694095919840038
032957b6-0754-47e4-a820-956d8af335c3,7567f27f-edd6-4f18-89a4-b271b111ba68,1098981.286791614,1098981.748113817,1098983.976301219,4584,200,0.4613222030457109,2.2281874020118266
a89735ad-d702-47bf-a320-247abaa09719,e7803957-8926-462a-a31e-30cdb1c9ec2d,1098981.286783195,1098981.637796324,1098984.00596139,3774,200,0.35101312887854874,2.368165066000074
3f36a8d1-d09e-45d5-a71e-dc78e59b05dd,cb361646-3167-4aa2-89ea-dddda78b2cfd,1098981.286786559,1098981.882353016,1098984.2287368209,6190,200,0.5955664569046348,2.346383804921061
87d7a793-12ce-42b5-9e59-11a33b6f712f,6ea89213-a24b-4e04-9166-3ae74526c64a,1098982.229633084,1098982.390464869,1098984.721961568,1335,200,0.16083178506232798,2.3314966990146786
c12d95c5-45ec-46ec-a6e1-f2ec966886dd,a014b4f6-1f69-4153-959c-5c494d3c617b,1098982.229648544,1098982.47296257,1098984.771104621,790,200,0.24331402592360973,2.2981420510914177
020b0733-4c61-40ac-ba14-11e2b9a161b3,b87d1b47-75a0-4129-8580-a96e0868928f,1098982.229650904,1098982.782353244,1098984.930130827,5761,200,0.5527023400645703,2.1477775829844177
3bb4ae5b-2d66-48a1-8913-8ea43ab01e69,5f121c84-8232-44fe-909c-9a69fa9fdc9b,1098983.266513124,1098983.528939427,1098985.734429943,2571,200,0.2624263030011207,2.205490515800193
0320c14b-8c9f-4a93-9d4a-1efc794352a8,6390146e-f25a-4269-b965-86f87e50701d,1098985.210908522,1098985.594630107,1098986.332387846,3413,49,0.38372158515267074,0.7377577389124781
f801bfc1-8f16-4c72-b9ea-a3377d4d2eb0,ce6f50d7-6546-4e5e-801d-c1df390fc739,1098983.266537235,1098983.6999421988,1098986.3061044689,2919,200,0.43340496392920613,2.606162270065397
39939288-8bc8-41b2-8d10-7265180ba3d5,f483dee7-275c-4181-9276-2967d4d6cbdd,1098985.210904639,1098985.539444761,1098986.362665874,1923,65,0.328540121903643,0.8232211130671203
127dc1b8-9384-4a62-99f4-53b26818f799,c226d327-ec87-408c-844a-cb6a344c2aea,1098984.227378234,1098984.4720408109,1098986.583816342,486,200,0.24466257682070136,2.111775531200692
6b5f3f3d-e255-4445-8c4b-ec85da377396,c5e80430-d231-4b4b-ba36-b8fdc718933a,1098984.227381649,1098984.615040521,1098986.603790931,2405,200,0.3876588719431311,1.98875041003339
5ea9260f-f912-4b0e-a559-609c5c47fd24,11ed2698-a70a-4704-b64c-933c1e3f5226,1098984.227363066,1098984.745934487,1098986.606441321,5916,200,0.5185714210383594,1.8605068339966238
5a3fffab-83d5-4a98-b3c7-a2c49c679972,bdd764a1-f13b-4ef5-be66-457691858534,1098984.227383876,1098984.817257597,1098987.087205762,2563,200,0.5898737211246043,2.26994816493243
d07f4773-688d-4078-beb4-390335566142,b1506650-c796-427f-84ec-42b45a69bfd0,1098986.377273927,1098986.785782655,1098987.278430667,1539,28,0.4085087280254811,0.4926480120047927
66b7f72f-a392-4521-b6c6-32c687bd29bb,c7344d02-17ce-4505-8d92-ada61240d9c1,1098985.210913661,1098985.561727363,1098987.4932597638,2805,173,0.3508137019816786,1.9315324008930475
ef6215c9-8997-4d6d-b58f-4d6cfda8a062,01c1bafa-b5bb-4860-a15f-0969b27850ba,1098985.210892523,1098985.5574178,1098987.7148281338,3570,200,0.3465252770110965,2.157410333864391
05ecf3f3-c0c9-4c10-a5c0-3d1c1ea5f373,ad6e0805-854b-4ad4-b718-81d6c8218f27,1098985.210916548,1098985.9084049962,1098987.786672163,5125,200,0.6974884481169283,1.8782671669032425
89527319-7b11-424b-ac87-523c99a9c860,1d9d59fe-b742-4ff7-a68f-88fb2eef9ca9,1098985.210919109,1098985.895545682,1098988.04087316,6069,200,0.6846265729982406,2.14532747794874
34da0111-84ae-40cb-b040-f764a1dd6724,b9a1c60e-769e-4d7c-9bcd-7c30c553b14c,1098985.210911149,1098986.337511479,1098988.2842863218,6265,200,1.126600329997018,1.9467748429160565
c21e2f27-24cb-4443-8594-5c8e255e7dd3,92dcd987-4459-4c21-98a5-5129ac92bc66,1098986.377267127,1098986.7792526467,1098988.8331072968,4751,200,0.4019855197984725,2.0538546501193196
0924579c-0417-44c8-8cd0-ce97c8ee8f35,875b2892-f361-4e79-89c5-34479b8c6b4f,1098986.37727107,1098986.9344193889,1098988.9566239829,6364,200,0.5571483189705759,2.0222045939881355
fbdb77ba-a37b-4dd7-9368-3b17b7316bdb,15fbccdc-7622-4cd8-b468-066ca318efea,1098986.377251465,1098987.0393804312,1098989.0062187642,6444,200,0.662128966068849,1.9668383330572397
3a1d25a7-f30d-497f-bab9-96df586b34af,ba02e545-eecd-490c-8274-c4a5f6d03e12,1098986.377276435,1098987.189858874,1098989.091527344,6373,200,0.8125824390444905,1.9016684698872268
4f5e4fd4-72b7-4d80-b0e7-79cace71c9fa,c042296f-1f45-4a47-8fd6-d3a427bbfd9a,1098989.22224244,1098989.521502675,1098990.001578476,5541,18,0.29926023492589593,0.48007580102421343
2eba428a-2172-488a-83f2-d3669d3ea9d1,01580029-b853-4a73-96e9-198754e7c6cf,1098987.319679544,1098987.6888499802,1098990.1357219222,6473,200,0.36917043616995215,2.446871941909194
c94f37a3-693a-45fd-a1cd-529ae529d439,38966326-1dde-4a5a-8407-2274abfe769c,1098989.222272016,1098989.8781128621,1098990.529387896,5146,77,0.6558408460114151,0.6512750338297337
b71e11bf-290d-4ec9-a079-b9bf12ea011c,41d72990-c4f9-4f15-a3a5-0d6b55ca3bc4,1098988.214265015,1098988.463074464,1098990.637866495,773,200,0.24880944890901446,2.1747920310590416
1e6dc7d7-e1b4-410d-8dd8-62af348b48d5,b37c25a9-30ca-45ba-948f-8b94d0b977f6,1098988.214262719,1098988.737309797,1098990.73787557,5662,200,0.523047077935189,2.000565773108974
99ec9b6d-6b81-46f9-a882-cb98808f2ff5,9fd9f898-9cfd-457b-adfe-707b66258b3d,1098988.214248199,1098988.834652916,1098990.910995443,6961,200,0.6204047170467675,2.0763425268232822
4474588a-f3b5-4ab6-a253-e7dd92065a7f,e12b8c40-92d4-423f-9257-e7ca6e3758dc,1098988.214259704,1098988.7389184302,1098991.0252716371,6318,200,0.5246587260626256,2.2863532069604844
6bef23d5-eb98-4ef1-99e7-a5062ee0256a,d9803a99-16c4-4289-b98d-9209663675b4,1098989.222277549,1098990.000533747,1098991.500763637,3666,155,0.778256197925657,1.5002298899926245
081062fc-49f7-4cc6-b615-f1ff293d766f,73263cbe-ff20-4caa-bbf9-8ff4b160fd8c,1098989.222268679,1098990.012694173,1098991.503239835,3412,114,0.7904254940804094,1.490545661887154
56ef4bed-d041-45b7-864c-3878b2ce3fd2,d6c6ecce-7613-4cc5-89c7-46de6050a111,1098989.222265535,1098989.8770347962,1098991.908497068,1045,200,0.6547692611347884,2.03146227193065
d62013a2-b866-4ab5-bbbd-36e015ae8cf0,9be2a601-19ad-4a64-8a31-74d14d459e36,1098989.222260311,1098989.883578212,1098991.937987203,6211,200,0.661317900987342,2.0544089910108596
70169ca5-ff5f-43fd-ad25-b06886d015df,df0f9f8a-9867-430c-98ce-3f30f838e161,1098989.222274906,1098990.234325533,1098992.2904730109,5885,200,1.0120506270322949,2.0561474778223783
33e7b38a-0753-4b67-9723-d9b08fc7a2c6,1154a913-bc2a-415a-8f60-85869c412d08,1098990.291879865,1098990.639088118,1098992.754849818,2854,200,0.34720825287513435,2.1157617000862956
96ee3a61-4ddf-4503-be9f-767439d37a34,ddb1b982-2da3-4da3-a8e6-a3ce2b95f759,1098990.291891623,1098990.627153171,1098992.77018008,707,200,0.33526154793798923,2.143026909092441
8e265732-9701-45af-a5e5-4e566259c4f3,dd8abcd2-6f78-4e3c-b821-2725f6f61b99,1098990.291895123,1098990.7417586811,1098993.3444561681,1663,200,0.44986355816945434,2.6026974869892
83177ff4-f859-4e83-b654-4aad5334aa1f,df831d09-321b-4ae9-9739-8a1cee2e855a,1098990.29189727,1098990.970767381,1098993.4722158548,6225,200,0.6788701110053807,2.501448473893106
bb11f7f7-3ca6-4ba0-85ed-0cd8f3a5bf64,067c23e7-4153-4362-990f-0e4ae9fd98ab,1098991.314017531,1098992.045503213,1098994.3049866802,3891,200,0.7314856820739806,2.2594834670890123
e361abb6-7c68-4ba6-8336-01aa61273cdc,c67ed64b-ebd5-4f27-9da9-1071f4c7abce,1098992.222554066,1098992.6089531418,1098994.487997147,2509,200,0.3863990758545697,1.8790440051816404
d365bde1-7cf4-44ff-b2b2-4a11cf882a15,19c30b89-49e6-4785-b4ec-da68e367d4ae,1098991.31400557,1098991.548218585,1098994.4618566271,6440,200,0.23421301506459713,2.9136380420532078
a0e4bf70-f0eb-453d-9124-69afe2dcdb40,2354094b-5191-4448-be6e-b3bbb69ce9f0,1098991.314023785,1098992.1571532441,1098994.544641448,5920,200,0.8431294590700418,2.387488203821704
1202f9c0-7103-4e84-9147-abce5a86c377,d350830f-1917-4e57-b61a-d5974c15409d,1098991.314021217,1098992.118512455,1098994.8625311938,6384,200,0.804491237970069,2.744018738856539
86da4a52-1289-49b7-9998-19e1a2681914,161520fe-b2a7-4765-9cec-8d3bd6da2327,1098992.222585926,1098992.8103058971,1098994.939535327,3696,200,0.587719971081242,2.129229429876432
ebea389c-eba0-4a59-97e1-132e3dda92a2,99cf908c-ea9c-4c6d-abb5-12c7195290fb,1098992.222577253,1098992.807943991,1098994.9591366618,6296,200,0.5853667380288243,2.1511926709208637
ed63c3ab-54a7-4f23-9dd0-c21378a2dc60,2e6d427c-5d5d-4341-bd59-5c0bf98acf50,1098992.222588422,1098993.1420108632,1098994.9661072372,2545,200,0.919422441162169,1.8240963739808649
41d62c99-ee91-4d79-9adf-fe95df7ab8d3,c40ff6c2-61d2-42ae-a09a-e2b819365e0d,1098992.222580924,1098993.189174671,1098995.121412052,6404,200,0.9665937470272183,1.9322373811155558
a34c5b46-b1c2-425d-b29a-6ce57e7d91b2,5dd975b0-30ab-46b6-96e0-39b315e33c7d,1098992.222590753,1098993.19477543,1098995.125995849,5788,200,0.9721846769098192,1.9312204190064222
3452021f-e18a-4c78-ba73-5e3807fca939,b43a54be-56bf-4383-90c8-2237a54a894d,1098992.222583447,1098993.2855551378,1098995.8027700938,3257,200,1.0629716909024864,2.5172149559948593
ce3b100b-c78e-4567-ae82-551fa5e8f0d9,086d9db4-5996-4535-986e-525ff4b4a80d,1098993.301878506,1098994.8501245661,1098995.929585718,3116,96,1.5482460600323975,1.0794611519668251
b5051bae-d2d1-4e73-8d80-ca015edd8254,02fdc58c-4081-4c4f-b08f-be89fc1991ff,1098995.207451936,1098995.800706807,1098996.4709563921,2904,65,0.5932548709679395,0.6702495850622654
ca645da8-9d6d-4c01-b30c-55c0fae0e452,67758644-12b8-4d98-b640-a9e8ac069351,1098993.301895781,1098994.8457704799,1098997.296164705,720,200,1.5438746989239007,2.4503942250739783
c8bd6852-29a9-472b-a7c2-f9a388716122,4d35524b-b5f4-4841-84b1-db05ed40f78f,1098993.301899406,1098995.021808738,1098997.2951207939,7152,180,1.7199093319941312,2.2733120559714735
887d9411-87bb-4fc5-b538-1973cde0a4dc,a2f0e4f8-0472-4ab5-ae87-c77e28e82d50,1098993.301901921,1098994.912720521,1098997.361031558,4732,200,1.6108186000492424,2.4483110369183123
4efa15b7-2bc6-4fe2-a8de-04e0eee75b21,370e9c6e-76c4-4f5f-94a2-56eda56ca89b,1098994.353388826,1098995.119544867,1098997.424148727,2005,200,0.7661560410633683,2.3046038600150496
feac564b-b7c1-415b-82a5-701ee8266f89,eac78716-775d-4fad-95de-28cdcbfe901d,1098994.353370926,1098995.02636598,1098997.429384331,4711,200,0.6729950539302081,2.4030183509457856
7f339457-b38d-4a77-9397-8df6232dc621,b1506650-c796-427f-84ec-42b45a69bfd0,1098995.207426953,1098995.394303252,1098997.6349239398,1539,200,0.1868762990925461,2.240620687836781
4c9dfe3a-7902-4bda-8675-be428774db8f,92e9c4f3-5a88-45b5-bba4-0d7a61180e52,1098994.353382266,1098995.184276531,1098997.553801114,6415,200,0.8308942650910467,2.3695245829876512
28829a06-8fcc-44d9-b2bb-6b80c81426e3,a49d24aa-32c1-4fd9-8039-e95dd8e8abd7,1098994.353386,1098995.242043663,1098997.735044009,5903,200,0.8886576630175114,2.4930003460031003
881000d8-bbe0-4a73-b7b9-7cb70fb69366,b9128bf0-2636-4290-afce-cc0c01a9a3d0,1098995.20744557,1098995.852746998,1098998.002423311,5735,200,0.6453014279250056,2.149676312925294
34cd64e6-4079-4381-af61-c79899644887,8430f359-c0da-41c2-8c0a-99afadae6c25,1098995.207448817,1098996.371567338,1098998.326111693,6287,200,1.1641185209155083,1.9545443549286574
5072ed80-d49d-4251-bfad-54ff8879f2f3,292a9ec3-7dac-4e8f-8c20-f84e90560a11,1098995.207440714,1098995.852245216,1098998.666272687,6377,200,0.644804502138868,2.8140274710021913
c323f71e-b60d-4295-812b-b7b8ce3081d7,e38f0f5f-4fbc-4b59-80f5-e48d1b3455eb,1098995.207454674,1098996.381985877,1098999.057127412,6786,200,1.1745312029961497,2.6751415350008756
eb904953-0012-41fb-9e70-9709d9a978b3,57727da7-a89d-4b07-b497-8a4ae07e2f57,1098996.260154954,1098996.74654482,1098998.973000903,972,200,0.48638986609876156,2.226456082891673
e3cb2ab9-5b92-4827-92a3-880dda3bc9d1,3843b2c1-db08-4327-bab6-6c5f8f1d4ce6,1098997.366463604,1098998.0788140038,1098999.027870149,2875,84,0.7123503999318928,0.9490561450365931
175cdd64-3430-4976-95c7-3f2e5cd1e598,79555c7b-a7d6-4507-9ba7-d84dc5f17364,1098996.26017212,1098997.250393112,1098999.033246707,2393,200,0.9902209918946028,1.782853594981134
bffa4ff2-9c30-472e-8dcd-a9c8a51c52fb,c5c63911-9805-4346-a627-b123c84bf691,1098996.26016945,1098997.3105909848,1098999.232509007,5942,200,1.0504215348046273,1.9219180222135037
cd8a0720-207c-4e63-9602-4536e835d7d2,799c1417-591d-41ce-b052-4d152da895db,1098996.260165953,1098997.249798502,1098999.466971534,6178,200,0.9896325489971787,2.2171730319969356
75eac25d-763a-40df-af14-87dc847af8d0,52b8d013-981a-41d3-8520-eb23e5010775,1098996.260174551,1098997.25048026,1098999.4717961329,6329,200,0.9903057089541107,2.2213158728554845
b46ba969-5b12-4182-9311-4913cf4640f3,c6e38f2b-0d99-430b-8e69-70df034e0023,1098997.366451747,1098998.020603478,1099000.5449576632,5789,200,0.6541517309378833,2.524354185210541
57ba265d-e0f5-45d7-805a-c8222eaaae7f,80054dbf-463c-40e8-8df3-863c643bb1d5,1098997.366467134,1098998.220620545,1099000.638212936,3868,200,0.8541534109972417,2.4175923909060657
b480fbdf-ddc0-44cc-8364-0fd2e77cb140,a5fcfe4e-eb51-4ac0-b8bc-d87496e3d9cb,1098998.277026405,1098998.8329565371,1099000.6720318382,1894,200,0.5559301320463419,1.8390753010753542
d9730993-75eb-49f0-bc71-9460f5034ff9,e4212cdd-4eb2-432c-8728-ac09b26569d4,1098999.208332699,1098999.393565095,1099001.572533346,3300,200,0.18523239600472152,2.178968250984326
fd876b00-50be-4911-9a20-96b2bc51156c,7512566d-1690-445a-a19d-ecf10aebe311,1098999.208346489,1098999.4610669569,1099001.628544844,663,200,0.2527204679790884,2.167477887123823
28bff043-8cf7-4dfb-b40c-aa276902b80b,c2cbe9ac-84ba-4ba4-8d9c-43c03e1b96e7,1098998.277036789,1098999.266442876,1099001.782341907,5543,200,0.9894060869701207,2.515899030957371
db6a81b2-531c-4781-8a85-dd619da7e602,62f03492-233a-4c73-8583-919a97f51a7b,1098999.208343255,1098999.4804329402,1099001.897585904,2344,200,0.27208968508057296,2.4171529638115317
e9ed48b9-8ed4-423f-b2d9-65c4657a895e,22ad330a-90f5-4f19-8245-dae0d3c2f176,1099000.261450229,1099000.92528166,1099002.6290361788,6543,155,0.663831430952996,1.7037545188795775
56a9f2cc-146c-46a2-9dc0-f5188418b593,d15044b7-c396-404e-998e-93e71a743f28,1099000.261465576,1099000.554216709,1099002.660026607,2076,200,0.29275113297626376,2.1058098981156945
ab112617-5523-473f-9029-92e3abb211b0,c1178b93-624c-4368-a215-bbf1e0b91c17,1099002.224898578,1099002.6589010088,1099002.8836594378,2180,27,0.43400243087671697,0.22475842898711562
d3335831-bf39-4a17-b348-736fca62e52e,a1ada656-7a98-4bad-802d-dc64f2e7ee89,1099000.261461996,1099000.656596903,1099003.228443447,6543,200,0.395134906983003,2.5718465440440923
22d6f5c5-5a59-445f-9e49-0dd65f0ede44,01d20233-ba05-4142-a870-402681c0fb91,1099001.211618531,1099001.572967644,1099003.798110815,5399,200,0.3613491130527109,2.225143170915544
38910397-a065-46dc-8b8d-9fb14ea8ebc0,bfa767e2-3dd3-462a-8100-22c9a1611ab7,1099001.211630225,1099001.552310518,1099003.801513817,1529,200,0.3406802930403501,2.249203298939392
5b4c41ed-7181-499d-b15c-7eec66f1fe47,0e78f555-d2c5-4fe2-81d1-9a7530f75bf4,1099003.220572871,1099003.7084339329,1099004.2492124338,2873,57,0.4878610619343817,0.5407785009592772
cc231468-b94f-47b1-bdcb-e9982b173999,2837df08-d441-40c9-a309-8d7d55e0a257,1099002.224893284,1099002.4028473129,1099004.365544281,2033,200,0.17795402882620692,1.962696968112141
97d5adf9-ee88-4b80-a8fa-3e4c6446e4cb,9f643b5d-c78d-43a4-a8c7-71bb7f808217,1099001.211633583,1099001.640840832,1099004.381633295,703,200,0.429207248846069,2.740792463067919
818800a1-d2c6-454b-9c92-3107f33530f3,7dffa10a-2db3-48f9-af53-bddccb30f2a3,1099002.224895893,1099002.661066966,1099004.9832624998,4444,200,0.4361710730008781,2.322195533895865
2c57971f-b26c-48e4-bd6d-2a4c922bcad4,8a111b60-2340-4df0-891d-81e653adc99d,1099002.224889755,1099002.489762493,1099005.092431439,6146,200,0.2648727379273623,2.6026689461432397
1fb0da68-616d-4234-9a49-99de287ba3d1,1c43eba4-81bf-4b3c-a107-b258630ab250,1099002.224877478,1099002.7224413152,1099005.1833057022,1165,200,0.4975638370960951,2.460864386986941
3dcebca8-8ebb-432c-ba56-c5c5d045faa4,e89d00a2-aef6-4faf-a8f6-58052acdc0b2,1099003.220584432,1099003.6101442177,1099005.863786772,4131,200,0.3895597858354449,2.25364255416207
e44c572a-d6a5-46e4-8d5d-478e1f7daa7f,e62f3f98-5d83-4b9e-9c7d-fc428edf1181,1099004.289581367,1099005.447167942,1099006.315675139,6487,79,1.1575865750201046,0.8685071968939155
b04e8612-6923-429e-bb18-3fe11ceddf9d,df0f9f8a-9867-430c-98ce-3f30f838e161,1099003.220551007,1099004.030072319,1099006.2963665312,5837,200,0.8095213121268898,2.2662942120805383
dfa4f8a4-5125-4b44-a227-e2e771ed75c1,abc0c6cc-0bfe-4666-83e8-64b03ca4efa9,1099003.220577988,1099004.024002995,1099006.2929503422,2436,200,0.8034250070340931,2.2689473470672965
78386fe9-3781-42ee-8aa4-05d5097ed81c,ab5c571e-66fd-45fb-a12c-d2497b60f982,1099003.22059038,1099004.020917806,1099006.271231855,641,200,0.8003274260554463,2.2503140489570796
6b59a7a3-67f8-4e60-8c54-2202c64d6547,23ee0cbe-2b7a-408b-9469-e2b3dc42f35f,1099005.376768007,1099005.896553967,1099006.62630622,5632,57,0.5197859599720687,0.729752253042534
18bb7c2d-3d14-4820-8cc3-a55567a8815e,38274d58-563a-4896-ae8c-7920e3737a7e,1099003.220587457,1099004.178044523,1099006.6230131902,2901,200,0.9574570660479367,2.4449686671141535
de5e4db1-7fe7-476d-b466-98fc995be09c,e827bcdc-4d52-47f9-b3c6-64cb5b723399,1099003.22058149,1099004.3589459271,1099006.675434085,2717,200,1.1383644370362163,2.3164881579577923
7892dc4c-da7c-4b8e-b04b-5f19df007f0a,145e5f0d-7ea8-47b9-b4c3-c7f6cf51725e,1099005.376789134,1099006.221089502,1099006.861186642,2910,60,0.8443003681022674,0.6400971398688853
f546bd4e-cd0b-4dc9-a0bc-0e108c0c65ea,5b7afdee-bc23-4cea-8c95-ee1786504a83,1099004.28955009,1099005.003774877,1099007.096406179,3578,200,0.7142247869633138,2.0926313020754606
e665d09f-e594-4745-8d77-a5d1224087f7,69756b9b-d2e4-4a2e-8c02-1fbcee79c27c,1099005.37677986,1099005.893863542,1099007.078459055,3641,116,0.5170836821198463,1.1845955129247159
9b140cad-3958-4f21-9adf-3925154654d5,866d5673-2e79-436a-b3d6-adfe48aed886,1099004.289573361,1099005.096516818,1099007.11731298,3108,200,0.806943457107991,2.020796161843464
f7a22289-ea37-49f6-9263-40372910eafe,bdd764a1-f13b-4ef5-be66-457691858534,1099004.28957706,1099005.094317028,1099007.129119947,2563,200,0.8047399681527168,2.0348029190208763
cc757c1e-66bd-4f76-81b2-387cf87beeb6,fe21ff9d-318c-4c69-89c7-45912541fdc6,1099004.28957914,1099005.4262254161,1099007.639276424,6369,200,1.136646276107058,2.213051007827744
5206c2bf-ead7-4b33-b95c-f7cd03b2a538,dc01cdfe-5594-4022-adeb-04dcc93573b5,1099006.307849948,1099007.157343314,1099008.306904122,5955,93,0.8494933659676462,1.1495608079712838
c7c954b9-423b-4041-8f86-d1e8b6f39ea5,3cba0bbe-0d61-4be6-8be5-4585a5068a33,1099006.30783361,1099006.675541341,1099008.410091184,3685,155,0.3677077309694141,1.7345498430076987
dffd93b4-c95a-47b4-81fd-48cfff419f19,c226d327-ec87-408c-844a-cb6a344c2aea,1099005.376786466,1099006.648971795,1099008.603336284,615,157,1.2721853291150182,1.9543644888326526
ddb94be9-28f1-40e8-94b3-165400a68b6e,eb8d5825-451b-48b5-839c-bd3f2e385b6a,1099007.224673465,1099008.26657673,1099008.622062119,4300,16,1.0419032650534064,0.3554853890091181
6f0d3764-b22e-453b-9dca-eb5d24878a03,db7e9f5d-8a61-4add-b03f-97cfb3b8ea31,1099005.376794333,1099006.40753766,1099008.7214503111,2053,200,1.0307433269917965,2.3139126510359347
a14a8c99-79d7-4061-8284-0e2e3044b421,d24c0cc3-a163-4cd4-9cf2-de41d5c96f4a,1099006.307843816,1099006.662408933,1099008.897731293,1705,200,0.3545651170425117,2.2353223599493504
399f0d0f-8e3a-43c5-85a2-7f7d19039c94,dd8abcd2-6f78-4e3c-b821-2725f6f61b99,1099005.376783766,1099006.605132179,1099009.002426807,1663,200,1.228348413016647,2.397294627968222
83c62fe3-031e-4540-bcfd-31bd57a39d81,5363cb6c-edd6-43d7-9a0e-58df46053aa0,1099006.307847109,1099006.990550531,1099009.139273374,6179,200,0.6827034221496433,2.148722843034193
53dda8a0-92bc-430b-9b17-4b026e4e6b1c,30910795-649d-4c33-afd7-634035edf721,1099007.224666565,1099007.42159063,1099009.145644743,754,160,0.19692406500689685,1.7240541130304337
02546315-25dd-4ab8-ae6a-987243e2214f,c8625007-cb15-40d2-8dcc-b41d03e3b3c0,1099005.37679154,1099006.8261066861,1099009.126772004,6133,200,1.4493151460774243,2.3006653178017586
4382150d-c88d-4cf5-9116-e59b9e215da4,6729e742-81c7-499b-922c-2c6994bc9caf,1099007.224655494,1099007.500965792,1099010.076287366,3922,200,0.27631029789336026,2.5753215739969164
5464997e-d364-43c3-8ea9-d11a1214d8c1,967aed41-fbe7-4e66-a54e-1b932c3f1357,1099007.224670159,1099007.82933583,1099010.0747743808,6245,200,0.6046656710095704,2.24543855083175
3a50be37-70ac-41ff-bf28-0fd6885b5d62,fe06d773-cd9a-42bf-b1d7-614c1c625f07,1099005.376796922,1099007.1942808048,1099010.053704328,6376,200,1.8174838828854263,2.8594235230702907
54af762f-512b-4fde-854f-bf0cc777c354,bc1de8c2-a6ae-4eed-92df-8609cafce1c4,1099007.224678494,1099007.7519856042,1099010.072867715,1338,200,0.5273071101401001,2.3208821108564734
dde7002b-f309-4e8f-b430-4c5f94d5b214,e4a9abbe-0d10-482c-9e14-ba6fe5099a3e,1099007.224681141,1099007.768520076,1099010.0724918712,3725,200,0.5438389349728823,2.3039717951323837
a77bcdab-c9f1-4f96-871e-bae947bd9ac4,0691447b-4b91-4b36-9c39-fd2b25d1d966,1099006.307852636,1099007.78267516,1099010.191142712,6896,200,1.4748225240036845,2.408467551926151
c5b2cb91-17ba-4617-8337-65d3b3d313d8,f5152412-29dc-4335-be1c-ee1dc24e4c82,1099006.307855312,1099007.437102403,1099010.2090275139,7147,200,1.1292470910120755,2.771925110835582
f11fbd39-4cdb-4c29-ac2e-5c0f3d887209,dcf17682-e8a1-4a94-9b2c-5f14df155e87,1099007.224676136,1099007.7525207847,1099010.324286671,4300,200,0.5278446488082409,2.571765886154026
6cf33e7f-810b-4707-834c-e132849ffbad,15332257-88ef-4326-9ea6-b3f0529eafbe,1099008.277677444,1099009.110826175,1099011.265547686,1626,200,0.8331487309187651,2.1547215110622346
bb7f92dc-d978-4860-b753-159b516b557f,0b5b7174-9f85-4885-997f-47ed4c9fc8ad,1099008.277665656,1099009.093384279,1099011.295831368,2045,200,0.8157186228781939,2.202447089133784
3bacd4b5-d54e-45a8-82ac-602e6c348887,966e73e3-01e1-49dd-97cc-3b17b0344882,1099008.277680658,1099009.413902119,1099011.5647681162,6381,200,1.1362214609980583,2.1508659971877933
69296c50-a3bc-4338-8375-9c22cdae46af,c95f6829-a53c-4f99-b06f-5fe22ab86fe9,1099009.250345872,1099009.932167948,1099011.647050297,3476,200,0.6818220759741962,1.7148823488969356
a1f0072f-eb2e-43ce-8589-3e441c2c8839,d846d4b2-4867-4720-9892-d49f8c7696e6,1099009.250352044,1099009.952210588,1099011.773722372,1461,200,0.7018585440237075,1.8215117841027677
9c6383aa-01b8-40f6-938a-0b652544b3b8,649f563f-c280-4cb5-a6b1-81e9567055cb,1099009.250334533,1099009.9620582128,1099011.8898829077,6213,200,0.7117236799094826,1.9278246948961169
031161e5-f0a0-4022-aef4-17c44bf6e4f6,2c6e08f1-87b6-450e-a518-3a26ca1469a8,1099009.250349056,1099009.9417692388,1099012.4766784548,4054,200,0.6914201828185469,2.5349092159885913
49d84f75-efbe-4375-adee-58cd656715cf,fc7a540c-ad9c-4bf3-98e8-177a30030277,1099009.250354829,1099009.942303231,1099012.515604273,4822,200,0.6919484019745141,2.5733010419644415
fe648e09-4d92-47d3-b5ed-eb28a7af3ef2,83bb93d5-935c-47c5-ad10-6b74cc73f69a,1099010.324702756,1099010.8254864549,1099012.6506737669,5567,155,0.5007836988661438,1.8251873119734228
c77b1e0f-0f3c-46bc-b777-c39988dc531b,ddb1b982-2da3-4da3-a8e6-a3ce2b95f759,1099009.250357249,1099010.0830929661,1099012.6531941032,707,200,0.8327357170637697,2.570101137040183
5d125a33-4fa7-4902-a00a-e614e9956a30,8430f359-c0da-41c2-8c0a-99afadae6c25,1099010.324691364,1099010.7616652932,1099013.001128551,6267,200,0.43697392917238176,2.239463257836178
d74bddd7-00a5-46eb-922d-5f5587918589,61aaf7d9-5163-47db-a2f7-a5dfc87dc710,1099010.324706075,1099011.217975002,1099013.332935454,3979,200,0.893268927000463,2.1149604520760477
57be1ad5-90d2-489b-82ca-6d8150fa7699,6788d54d-4159-4b04-b9ab-1d1eeea6d9b1,1099010.324712753,1099011.30618015,1099013.446070722,1765,200,0.9814673969522119,2.1398905720561743
d4667901-25c5-461a-889c-88a22eee0018,d6c6ecce-7613-4cc5-89c7-46de6050a111,1099010.324708429,1099011.3083766499,1099013.5170971418,1045,200,0.9836682209279388,2.2087204919662327
ff3973db-fd98-43ae-9692-669c84e5b112,c0256791-c1ba-4f9d-be2a-b22ce90b509a,1099010.324710652,1099011.116585385,1099013.654027747,4121,200,0.7918747330550104,2.537442361935973
dcdf956b-417c-48c2-bc23-f9e4079fb9eb,a7665175-db71-4c41-b159-46cbf857d36f,1099011.253121139,1099011.729675205,1099013.804201966,3728,200,0.4765540659427643,2.0745267609599978
76cde5c7-5bf0-491c-83ef-ea474bd3e87e,ca330d28-a7ef-4a25-a6cc-51578e715514,1099011.253112497,1099011.9305054871,1099014.476207402,6089,200,0.6773929900955409,2.545701914932579
dacc504f-ed1f-42af-86c3-438ef7685109,4a8c5b6b-e155-42ad-badf-17b8d48d8aa9,1099011.253123716,1099012.139071323,1099014.873607044,4355,200,0.8859476069919765,2.734535721130669
fadf4b3f-7b43-4eb9-95c7-103146e3ab48,6390146e-f25a-4269-b965-86f87e50701d,1099012.48892923,1099013.051431182,1099015.276223969,3433,200,0.5625019520521164,2.224792786873877
f3827b1c-c001-45bb-adbc-6c1b7317f002,ce6f50d7-6546-4e5e-801d-c1df390fc739,1099012.488958412,1099013.4913252662,1099015.744815699,2912,200,1.0023668541107327,2.253490432864055
7aed3db7-1978-44c5-b785-4e345732e2b3,572c2839-ba50-43b8-b7b0-0bf23c8d57dd,1099012.48895321,1099013.3864141721,1099015.746598321,5654,200,0.8974609621800482,2.3601841488853097
4a6af023-9c7d-4e01-8f69-cf0bbf90727f,eebd360c-a6f8-44bb-8be3-022c7f51f6ed,1099012.488944674,1099013.4256699518,1099015.7493172379,2992,200,0.9367252779193223,2.3236472860444337
72ada5bb-4079-41a0-a552-db692dfed0a3,8094c720-081f-4a98-aca9-d83abaec4c87,1099012.488955808,1099013.219858936,1099015.996122648,1848,200,0.7309031279291958,2.7762637119740248
3bc70885-292f-4c9a-b17a-3c49e4f681e0,0a292c2d-a16c-463f-8328-8918f0e015aa,1099012.488960824,1099013.257449151,1099015.993820921,1827,200,0.7684883270412683,2.7363717700354755
7e7d5055-87bf-4d28-a430-d2177345336b,2e537ed5-6b5a-485b-a5d3-f821b7a2b92f,1099012.488950512,1099013.450002912,1099015.998209913,6320,200,0.961052400059998,2.54820700106211
34e46eba-6e0e-4908-a482-edd159cd893a,f1c9a465-31b9-4ab6-ae78-59df434e4f7e,1099012.488941088,1099013.631066192,1099016.001418161,6320,200,1.1421251038555056,2.370351969031617
5e7d481b-ca82-42e4-b8cc-42d6d893eb4e,9751aa65-dcbb-464d-885d-1feaba1a4819,1099013.226656475,1099013.61188007,1099016.2352669921,3608,200,0.3852235949598253,2.6233869220595807
8780b9d1-dd89-4af5-baae-bbe3fa98c257,c3ce244b-c729-4d19-9eca-771462a7d8ff,1099013.226670019,1099013.640400182,1099016.2317628132,2719,200,0.41373016289435327,2.591362631181255
20cc2a7f-158f-4dd2-84b2-b0612a340c4b,3ed61bf9-527c-438b-9427-d3c27f9b8bc8,1099013.226672632,1099014.046841794,1099016.418270351,6376,200,0.8201691620051861,2.3714285569731146
f73d52bb-79e1-43c1-8da0-80c20da9ae1c,11ed2698-a70a-4704-b64c-933c1e3f5226,1099013.226666942,1099014.3526333692,1099016.4216384802,5916,200,1.125966427149251,2.0690051109995693
5d0d4402-0b02-4196-aa3d-ea63ae0b328b,f82351e7-3d63-4b51-ae04-4b1630ee9ca6,1099012.488947738,1099014.0785676378,1099016.410136859,4914,200,1.5896198998671025,2.331569221103564
95348de8-1e8a-428a-9b87-39c2d0a4495f,90d228aa-55a6-47fd-8f46-cd871d180b10,1099013.226675032,1099014.504900744,1099016.6698600708,6392,199,1.2782257120124996,2.164959326852113
591c7748-f213-4404-80a9-c0fb7cfdc3dd,586ddd63-a522-48ce-ae0d-777af55d3cac,1099013.226677777,1099014.266551378,1099016.6695446891,6210,186,1.039873600937426,2.402993311174214
cc2840b5-7a90-47f9-afbd-55845e4e9556,01524993-21d4-4d2d-a5d5-91a5663d91e2,1099013.226680195,1099014.543136458,1099017.375190195,6075,200,1.3164562629535794,2.8320537370163947
a449ee44-40ac-4cb1-b2ec-4b5cdd845d3f,9e3c8867-59dc-4f49-8675-cc60714855dc,1099014.310571749,1099015.090192047,1099017.478704878,3706,197,0.7796202979516238,2.388512830948457
12de687f-9ee8-4061-926b-16bb2fdbae9d,5fcd7bbd-da7e-4afa-95ef-18c316df5c14,1099014.310583222,1099015.250768455,1099017.7267281108,6207,200,0.9401852330192924,2.475959655828774
01e9394f-03f5-4cd5-8331-1e4b7124397c,b654d5e6-e3eb-4dbc-aa01-60dee8fba52e,1099014.310597005,1099015.733046747,1099017.889955768,2847,200,1.4224497419781983,2.156909020850435
8957e35c-9305-42a8-b34c-049a42b9c7e4,c042296f-1f45-4a47-8fd6-d3a427bbfd9a,1099016.378482492,1099017.71434932,1099017.921651315,5709,31,1.3358668279834092,0.2073019950184971
baa3999f-2868-4474-a7f7-b08a5d42742b,c0e273f1-c346-4c7f-ba9e-53a9c61c18c0,1099014.310592139,1099015.664068376,1099017.932684331,5886,200,1.353476237040013,2.2686159550212324
0e7a70ab-8d3c-4b42-b393-eafc66dcfc23,19c30b89-49e6-4785-b4ec-da68e367d4ae,1099015.31664383,1099017.187235253,1099017.922122878,6440,62,1.870591423008591,0.7348876250907779
e94f45ea-a20f-4857-a202-c3844bd40054,8162980e-e365-418d-87c3-2d53058fb7f2,1099014.310594509,1099015.9863787547,1099018.1229558368,5914,200,1.675784245831892,2.136577082099393
431a81b3-f8a9-4fdc-91bb-49a96be4a8bc,d99bd3a4-aa98-4081-914d-d5fe46dea9f9,1099015.316625525,1099016.058385586,1099018.126099296,2211,200,0.7417600608896464,2.067713710013777
f8818fba-5e08-4834-b331-3c0febda10df,e6637aa4-3c0e-4683-beb9-6bdb1f923cdc,1099014.310586918,1099015.733512074,1099018.36528908,6461,200,1.4229251560755074,2.6317770059686154
78ab77d7-0999-4f56-b498-4082d22915c3,0ea7eebf-4e91-49b7-886d-7fde689bef99,1099014.310589785,1099015.740245457,1099018.526046026,2940,200,1.4296556720510125,2.785800568992272
50171f2f-840d-4872-b027-c4fe50aaa7ee,e6b5aa5a-f8c4-40a5-83af-81b226cb08c3,1099015.316636972,1099016.4883632888,1099018.4684474468,6076,200,1.1717263169120997,1.980084158014506
c81cbf6f-30c6-4b63-93f3-d4fc567c3f70,67051a1d-89a2-4ed0-8ddd-2edca032ecdb,1099015.31664059,1099016.7529357881,1099019.1672576892,6345,200,1.4362951980438083,2.414321901043877
2ec3fd7f-df08-4f21-a759-cd5a23bde1b8,5b4e6569-39b6-477d-b82b-e9fa840a6eac,1099015.316646042,1099016.859359265,1099019.352207608,6236,200,1.5427132230252028,2.492848342983052
b07cb03b-9f13-474c-b0eb-d56fb057bece,a499fde4-51c2-4cdf-8809-3a52991b1c6c,1099016.378465115,1099017.599745342,1099019.957446891,6251,200,1.2212802269496024,2.3577015490736812
6afbcad6-be67-430e-952d-f97f9feecc3f,99739e4b-0948-421b-91a7-a3c430be6f19,1099016.378479432,1099018.01367121,1099020.1709970762,1104,200,1.635191777953878,2.1573258661665022
bf01193f-584f-4a24-9621-45f31cb2b178,69adc9c9-2273-43eb-a23c-a4efe562816a,1099016.378475703,1099017.4686673721,1099020.393104006,871,200,1.0901916690636426,2.924436633940786
d09f92ce-eb85-4441-b2b9-190db0bfd672,f210abcd-570b-431b-8891-b977ea47e021,1099016.378485336,1099017.7684002281,1099020.391296972,1582,200,1.3899148921482265,2.622896743938327
57c2709a-6d40-445b-a800-ec355b124bf2,145e5f0d-7ea8-47b9-b4c3-c7f6cf51725e,1099018.289376979,1099019.79015305,1099020.428088131,2987,65,1.500776071101427,0.6379350807983428
58e6aa1f-e966-4877-86ef-e1b2d1db2824,00350808-5c9c-404f-9bcd-c153da1e8468,1099017.392899682,1099018.1314060302,1099020.452282275,1999,200,0.7385063481051475,2.3208762449212372
24d082a0-25f4-496f-abf8-ced8bc393026,4717d3eb-c887-4854-adc7-7c474067cf88,1099019.358278939,1099020.134421435,1099020.435179756,3038,25,0.7761424959171563,0.3007583210710436
1c8969cc-f2f7-46d7-9c5c-f91f980accd4,ffd0b423-c554-4d30-981b-d5ee5c345c99,1099017.392993623,1099018.3424583839,1099020.5698867207,4156,200,0.9494647609535605,2.227428336860612
7ca551a2-66f6-4d32-bdae-41d52f3eab99,67758644-12b8-4d98-b640-a9e8ac069351,1099017.393005021,1099018.4077650458,1099020.6808909248,697,200,1.0147600248456001,2.2731258790008724
66e2077f-fac0-45fb-b513-0054451be86a,4605532e-01fb-47f9-adba-e8a42434e6e4,1099017.392999109,1099018.609630698,1099020.8405475072,1224,200,1.2166315889917314,2.230916809057817
58285312-501f-4253-b130-7cb0318bb668,41d72990-c4f9-4f15-a3a5-0d6b55ca3bc4,1099018.289365528,1099018.883852227,1099020.890050844,552,200,0.5944866989739239,2.0061986171640456
41a71912-b704-4fa5-ae04-c19aa2a4cf37,3fad36b5-6bb3-4dd2-b7e5-7ce7e5787a0f,1099017.392986903,1099018.359171903,1099020.909787792,2014,200,0.9661850000265986,2.550615889020264
628dd6ad-b57f-429b-8f9f-231095fc11ef,5feecc80-78cc-489f-a6b9-84a83af8bc36,1099017.392975981,1099018.507062271,1099021.133209302,6223,200,1.1140862898901105,2.6261470310855657
40dfbcbf-b63d-49bb-9a1a-d50f5ab817d5,83b87dad-7d4a-4b0a-b4dc-3dc07570827f,1099018.289373857,1099019.301028995,1099021.122153844,1869,200,1.0116551381070167,1.821124848909676
3d7c53d2-6018-4160-819a-d2bd796dfa33,e2758233-3b9b-4d9c-ada4-f41e0412e585,1099019.358266963,1099019.911431307,1099021.520487969,3010,145,0.5531643440481275,1.6090566620696336
983dff12-fc40-423d-83c7-d876e055678c,edf00561-d5fd-43db-891d-a57747fab3fc,1099020.430025951,1099021.5746793929,1099021.7668113399,6030,31,1.144653441850096,0.19213194702751935
99f7fe37-4abb-4f35-829c-a1c7a7975783,8e020282-5ecc-434f-b573-91c202e1468e,1099019.358286466,1099020.364059897,1099022.490637824,5732,200,1.005773430923,2.1265779270324856
3357167c-3b9b-4f51-a9b1-eea9a89196db,f6528ead-3790-48e8-bf6e-24fdeff779c9,1099018.289379232,1099020.2048190932,1099022.566066445,5442,200,1.9154398611281067,2.361247351858765
a94695a5-4cf5-4188-8603-d2aca8e5ebf7,a26972fd-5c20-4eee-90b4-0d0d88eabfe5,1099019.358289612,1099020.133275665,1099022.8125139012,7113,200,0.7749860531184822,2.6792382360436022
f1b6a415-d378-4d54-8c53-0385e287e0b8,dcff9a1f-a60c-4377-8789-154950a7f139,1099019.358283257,1099020.7403302782,1099022.9027171072,6236,200,1.3820470210630447,2.162386829033494
dd3a923b-f18f-4acd-af6a-14a05c5a925f,55a46424-dc8a-4408-bb90-47e7b7a6401f,1099020.430004101,1099020.95693228,1099023.306664618,6286,200,0.5269281789660454,2.3497323379851878
101f7f30-0e31-4097-b1dc-f834849541d0,99bfa5b8-81b7-48c0-a8d6-629e60885c21,1099020.430015524,1099021.575814764,1099023.342112391,6692,200,1.1457992400974035,1.7662976270075887
70dc2fa9-505e-4325-807d-ecc5421ed02c,59f382fc-4000-4ad3-a823-919106d73d6f,1099020.430028996,1099021.656385795,1099023.69515649,2877,200,1.2263567990157753,2.038770694984123
9c944c24-614d-4f6a-bf76-5cd65a74b194,26c258a6-5b59-44bd-b849-a28547921f76,1099020.430034943,1099021.573900383,1099023.7522611679,6429,200,1.1438654400408268,2.178360784891993
79d8b6b1-a8ea-4a7b-8945-3cd564b26341,33dc18f9-e1dd-4050-ba46-e0d05a421864,1099020.430023247,1099021.679271333,1099023.976137452,3580,200,1.2492480860091746,2.296866119140759
565864a3-37de-4b61-90c3-0a9bce871b1b,c67ed64b-ebd5-4f27-9da9-1071f4c7abce,1099021.630796583,1099022.044059027,1099024.0647526109,2509,200,0.41326244408264756,2.02069358387962
97cc8b08-3525-4de8-b49f-4a23fd1ce0e2,6ea89213-a24b-4e04-9166-3ae74526c64a,1099021.630791354,1099022.0488944522,1099024.2487407262,1335,200,0.4181030981708318,2.1998462739866227
1587b362-57fb-4459-a84f-607bee6442e0,3ce4e7a8-164e-4281-af94-9119012af635,1099021.630799482,1099021.990250557,1099024.276439567,871,200,0.3594510748516768,2.286189010133967
f82a6aae-1c97-4d27-adb1-729644535261,2e90c9d3-0cc0-431a-a190-712898af6e66,1099022.490944976,1099023.434616096,1099024.25706752,5433,72,0.9436711200978607,0.8224514238536358
3fd9d670-0817-469d-994c-208fc1f6af01,9724fec6-5a27-419a-835f-02d1cdee68c6,1099021.630788706,1099022.175780305,1099024.367026133,6017,200,0.5449915989302099,2.191245828056708
db000454-bc91-4d2b-8604-0be3ea53b52f,8171fb88-1e6f-49a9-ab54-976103cd97e5,1099021.630794104,1099022.6075586719,1099024.4977928,2424,200,0.9767645678948611,1.8902341281063855
40e405e8-7820-4f9c-a481-5eb9a71dd8ba,1bf26568-c5c1-4e78-8ba0-796957c5b747,1099021.630778998,1099022.050729457,1099024.501915017,1303,200,0.4199504591524601,2.4511855598539114
3265df6b-690b-431c-b7ef-a2d13910ae96,77d7eb80-2931-44e9-917a-939b4706e637,1099020.430037512,1099022.3438070219,1099024.4999633718,6128,200,1.913769509876147,2.156156349927187
9ae4fb75-d89b-4f8d-ac3e-90b51ae0a72a,52377bb8-f78a-45ab-8e51-d46ef232477d,1099020.430019981,1099022.343497799,1099024.526553923,6299,200,1.9134778180159628,2.183056124020368
9b37aa36-e2aa-45dc-9ebc-91eb58d9d639,016dd4b2-29b2-4b1e-8e7a-9002ec0e19e8,1099021.630786059,1099022.4461989258,1099024.705422564,1660,200,0.8154128668829799,2.2592236381024122
897d0660-cee6-43d1-b7f1-79d1080da36d,6a0f8598-e547-4e24-8413-65bc893e194c,1099020.430032184,1099022.1345348873,1099024.7010827132,722,200,1.7045027031563222,2.5665478259325027
6df93c90-bda4-4eb3-83dc-9f5159ff79a9,03bfbc57-8878-4e23-ad8e-e62d44d9ba11,1099021.630767416,1099022.611560551,1099024.8990618929,6365,200,0.9807931350078434,2.2875013418961316
3578ca46-a034-4692-b715-1e6a1309a4d3,07cc5745-65dc-498f-99ac-d5a4354b0626,1099021.63078287,1099023.215527594,1099025.530755961,3919,200,1.5847447239793837,2.315228366991505
f99d44ae-a823-4574-b750-96da78be1ff0,02fdc58c-4081-4c4f-b08f-be89fc1991ff,1099024.276041944,1099024.9476772402,1099025.5185717233,2901,45,0.6716352961957455,0.5708944830112159
17fa3932-ed12-40d0-aa3e-6dcb7396569d,cb953ede-153a-45bb-bfb3-12068eca1314,1099023.285395726,1099024.362912742,1099025.642892831,6006,115,1.0775170158594847,1.2799800890497863
6dfb43ad-239a-475a-9db4-0d07b965dcfa,12ed77b0-f0e1-4d6e-912d-ddc62a0ba391,1099024.276046506,1099025.472050116,1099025.639606371,6318,19,1.1960036100354046,0.16755625512450933
89d6cb82-439a-4e3a-b19d-63e443037514,99e0e4b1-23a2-4541-9f03-bb67c392735b,1099022.490965208,1099023.7238570561,1099025.587687719,5494,188,1.2328918480779976,1.8638306627981365
19c8ffa7-2cad-4454-8855-af426c44ba0a,b4a94ea5-376e-4be1-9fd2-48c7486ef854,1099022.490959698,1099023.585307693,1099026.0689763592,1616,200,1.0943479950074106,2.4836686661001295
927cf101-9037-48c4-ae53-3204b7e767be,c7344d02-17ce-4505-8d92-ada61240d9c1,1099023.285378809,1099023.8001521311,1099026.265106382,2805,200,0.5147733220364898,2.464954250957817
73ba130f-de41-42e4-8287-59f78e58df3b,a1329327-31f8-4e0e-8c96-d4c38c61242d,1099023.285393228,1099024.177013345,1099026.406532177,1918,200,0.8916201170068234,2.229518831940368
d24d06e1-ca33-4e8f-8fb9-c7c4c34abee7,2354094b-5191-4448-be6e-b3bbb69ce9f0,1099022.490955966,1099023.87693081,1099026.350754274,5957,200,1.3859748439863324,2.473823464009911
46b7eeb9-ef2a-436c-9752-e8f52f3cef91,08648f01-3d60-4970-b1a8-6c2826c616cf,1099024.276037424,1099025.0552512452,1099026.5264246173,6442,76,0.7792138210497797,1.4711733721196651
f68a74e2-b2c9-493d-9e0f-02d1dc882df6,e4e2e608-ce54-4ee6-8651-29dcfd54dc86,1099024.276048777,1099024.9631468959,1099026.695658184,1118,166,0.6870981189422309,1.7325112880207598
4eaa1563-7fe0-40bd-a048-4707084dcd7d,30910795-649d-4c33-afd7-634035edf721,1099024.276028069,1099024.7308757538,1099026.704596605,754,200,0.4548476848285645,1.9737208511214703
e69f942e-f4d4-4665-a2fc-6b447bebe0b2,c11b2f2c-9092-45e8-ae60-7c8dc222703b,1099025.253563883,1099026.0002147981,1099026.70287875,6146,71,0.7466509151272476,0.702663951786235
ad93e4ce-7ab7-42a7-a12c-887c26848335,384c381c-9e43-46bc-ae6e-f423ed8194ee,1099022.490962576,1099023.693173613,1099026.626933217,5441,200,1.2022110370453447,2.933759604115039
46124bb6-6701-4edb-92f2-5a77ec128edc,2578c165-88d2-4fcf-8239-ee23a11cde02,1099023.285389673,1099024.532987261,1099026.9767516598,6459,200,1.2475975879933685,2.443764398805797
d0534881-65bd-48f3-84b6-074e43e33d9a,a2917ffe-8d97-4a93-82c1-5c15242ac5e6,1099024.276044338,1099024.883195474,1099027.043568522,3242,200,0.6071511360350996,2.160373047925532
7c3eb8bf-e9f5-4330-880c-03e2e2a3f2e8,50febabb-892c-4a87-b8cf-3f82b8fdd573,1099024.276039574,1099025.131413442,1099027.3266335882,6522,200,0.8553738680202514,2.19522014609538
22b12eba-fe62-4e61-a98e-01d0e9462fb9,9be2a601-19ad-4a64-8a31-74d14d459e36,1099024.276032094,1099025.4375722138,1099027.3982116769,6211,178,1.16154011990875,1.960639463039115
2de59837-a93f-439a-982a-aa70073526dd,ba2e8e79-30dd-4877-acf0-65973d9f29c7,1099024.276015737,1099024.686379373,1099027.521724563,3005,200,0.4103636359795928,2.8353451900184155
87dc2ece-674b-485a-a496-147fbce7d719,abea0846-5b48-41dc-b9bf-d5bea8fa1a2b,1099024.276034523,1099024.800210314,1099027.8259260652,1201,200,0.5241757910698652,3.025715751107782
9ca86e11-e7e4-42ba-b399-81ecdc1679f6,a66219a5-0bf0-499e-8da4-6217f9feef08,1099025.253584216,1099025.829775062,1099028.058850894,923,200,0.5761908458080143,2.229075832059607
2acd68ff-4458-46d4-ae3b-9e7cd86dc146,15332257-88ef-4326-9ea6-b3f0529eafbe,1099025.253578842,1099025.912541222,1099028.0605392451,1626,200,0.6589623801410198,2.147998023079708
17bac3da-af8c-4f40-85d9-8b407ef690d8,616f129f-3b5e-4571-8580-6d776d7d23f8,1099025.253581719,1099026.037324455,1099028.063614036,2475,200,0.7837427360936999,2.0262895808555186
9407016d-c516-449e-ad19-ccec1a818477,1ce0cc43-25d2-46e0-91e4-43901076cdf9,1099025.253575503,1099025.900446754,1099028.126875289,2614,200,0.6468712510541081,2.2264285350684077
06de1591-901c-49a9-9ca1-3f0ffa419cd0,c9558e45-2a86-403d-85c0-a9d29a0abf12,1099027.259580995,1099027.967324646,1099028.0758132779,5412,31,0.7077436510007828,0.10848863190039992
496fbe78-e650-4400-867f-5d5c6354f0fe,583cbfc9-7618-498d-864b-dd180e9fa774,1099027.259589225,1099027.992060406,1099028.7332089741,6401,78,0.7324711808469146,0.7411485682241619
7734a9e0-4824-4e79-844c-50cfb77b90d3,c6e456e4-af54-4e43-83be-7f792f4e7126,1099026.267654004,1099026.976608439,1099028.842246849,6385,165,0.7089544350747019,1.8656384099740535
492950af-c392-4a28-a793-874c10765820,e5f863e9-3a7b-4d7a-bdd2-60bc8ad6448d,1099026.267640848,1099026.8306443961,1099029.078923502,6132,200,0.563003548188135,2.248279105871916
58b294fe-fef3-4c3b-98b3-f3a1ea13ae40,21d6c7bf-0824-4d6c-ae87-342ca4d3bf10,1099026.267651151,1099026.8757057919,1099029.267753068,5817,200,0.6080546409357339,2.3920472760219127
e5bbc2a2-e59c-4e5b-bf2b-d473febbdc4d,7f8c295b-2bf1-4118-b828-2a33e7d46182,1099028.245712917,1099028.5106248732,1099030.0306422983,3799,147,0.26491195615381,1.5200174250639975
acfca72a-6cfe-417e-8037-c41f37df0ea0,d81300c0-9e09-45d8-84f5-e342f80ca6d0,1099028.245694731,1099028.3660758068,1099030.0921490379,1257,184,0.12038107588887215,1.7260732310824096
cf3e4a5e-6065-48e0-9a79-84143d669a2f,6898d6f2-8e46-4f07-87d2-63452e09f5c6,1099027.259569093,1099027.972173974,1099030.057753812,5455,200,0.7126048810314387,2.0855798381380737
5dfc15cb-c8e9-4a8f-9c14-e5bc72f8a09a,1d1a4bec-da87-4ab0-9afd-e22b33a3b57b,1099027.259591165,1099027.96439292,1099030.137026675,1902,200,0.7048017550259829,2.1726337550207973
034af462-fea3-4503-9c3e-8fe669ecbed2,d6e42e4d-4caf-4c43-b542-af920a9f2350,1099028.245708748,1099028.492305174,1099030.298430016,3398,200,0.2465964260045439,1.8061248420272022
b40fecdc-f775-4d19-a295-17d1369bbe3c,a49d24aa-32c1-4fd9-8039-e95dd8e8abd7,1099027.259586622,1099028.220291623,1099030.204291221,5883,200,0.9607050009071827,1.9839995980728418
34ffb80a-b448-40be-960c-2613120fe9e4,c6e38f2b-0d99-430b-8e69-70df034e0023,1099027.259584295,1099028.1787868382,1099030.8118129713,5975,200,0.9192025430966169,2.6330261330585927
a33c6cb7-76cc-49fc-b1ed-f9096a3f35fe,6390146e-f25a-4269-b965-86f87e50701d,1099029.258193582,1099029.487193824,1099031.034762003,3440,144,0.22900024196133018,1.547568178968504
cd8c71c8-134d-45b9-a2b0-1e34eb2ca7da,11ed2698-a70a-4704-b64c-933c1e3f5226,1099029.258181132,1099029.728100749,1099032.056519881,5853,200,0.469919617054984,2.3284191319253296
44388199-78bd-4e02-82ab-d3c79dac3a9c,552bec3f-53c2-4c84-990b-b3a31a68408b,1099029.258197805,1099029.858185171,1099032.09715547,6074,200,0.5999873660039157,2.238970299018547
ca05d92a-92c7-4acd-9ed2-75ebc4d2a63e,0691447b-4b91-4b36-9c39-fd2b25d1d966,1099029.258200752,1099030.1991642371,1099032.267619611,6876,200,0.9409634850453585,2.068455373868346
e97ef8f3-1cfc-4622-bb44-5ca7ad44905c,d4cacfff-d5be-4fc4-86c3-ca3c2c799d9e,1099030.26669688,1099030.890874762,1099033.015778146,3709,200,0.6241778819821775,2.1249033838976175
37532feb-754a-4541-81d7-89d2144aba49,ff19633c-acff-4576-b01e-d80c3fbca124,1099030.266678141,1099030.892217893,1099033.1590283199,5767,200,0.6255397519562393,2.26681042695418
31af7770-3961-4e03-965d-0962fb841294,abc0c6cc-0bfe-4666-83e8-64b03ca4efa9,1099030.266694733,1099030.941922399,1099033.28374174,2524,200,0.6752276660408825,2.341819341061637
2836f68e-6511-40d7-b76d-199cff8e3965,bba30c2c-2f5f-43ba-8618-041c52204c6e,1099030.266688807,1099030.895757885,1099033.347640187,6390,200,0.6290690780151635,2.451882302062586
691f56c7-151f-42b4-add7-f6e14de5713c,cd4629a6-2b96-4df9-a7c5-74be84bebcc4,1099030.266703468,1099030.9487867982,1099033.5106811181,4156,200,0.682083330117166,2.5618943199515343
19539cf4-8b2b-4898-aec0-0a1ba017f8df,bc1de8c2-a6ae-4eed-92df-8609cafce1c4,1099030.266705365,1099031.199797575,1099033.6928916578,1338,200,0.9330922099761665,2.4930940829217434
71233885-9125-4b40-9e32-01a771a9f50a,743528ce-8ff5-4c63-8df5-2e9b0703cc0a,1099030.266692132,1099031.179817188,1099033.9046304561,3574,200,0.9131250560749322,2.7248132680542767
2af4521d-4a4c-429c-8c9e-d1b8fd5c31f9,e5137238-7fd2-495a-878a-41bbed79caeb,1099030.266701275,1099031.477261554,1099033.9696745048,3616,200,1.210560278967023,2.4924129508435726
89a86c31-fd47-444e-87bf-fd380a6c5a9c,3b187a2d-275c-495a-833c-75272901b9ca,1099031.225693508,1099031.5514917702,1099033.9690874002,2046,200,0.3257982621435076,2.41759563004598
942709c0-cd76-4be2-a252-eb550df8066c,f5152412-29dc-4335-be1c-ee1dc24e4c82,1099030.266698807,1099031.5312987329,1099034.4400070258,7054,200,1.2645999258384109,2.908708292990923
a7ebdb0c-96fa-44cf-9168-706a560dee6a,3d7c75b0-1e1d-4eb3-aac3-ba4080d6570f,1099031.225712202,1099032.26862215,1099034.597213628,2477,200,1.0429099479224533,2.3285914780572057
ab046bb8-a5bf-42d5-9623-ad348f7483eb,c226d327-ec87-408c-844a-cb6a344c2aea,1099031.22571789,1099032.381573986,1099034.914583879,613,200,1.1558560959529132,2.5330098930280656
dd4fc5e7-bcb5-4327-805c-c63f3d5db1c2,f59505d6-2c8a-4269-b06b-4a09a34c57e0,1099031.225720191,1099032.624305012,1099034.962036216,5829,200,1.398584821028635,2.337731203995645
718dd1dd-4ac0-473f-896a-786dfd482591,2c6c787f-ce0d-46f8-8c82-65f2ac219c19,1099031.225707136,1099032.1941082221,1099035.2547963841,6277,200,0.968401086051017,3.060688161989674
5dd4e892-5707-443b-8b3b-3897ccc8ab3f,c042296f-1f45-4a47-8fd6-d3a427bbfd9a,1099034.290346867,1099035.100428483,1099035.341513153,5949,18,0.8100816160440445,0.24108466994948685
bfdcd8ae-a0c1-4d14-92c1-e84fcbe1324c,dd2b277d-7320-4529-bb10-09e0e4b25d8f,1099031.225703691,1099033.1490709798,1099035.4031929218,6174,200,1.9233672888949513,2.2541219419799745
ea6eb6af-6630-4cb4-8f40-99fb50eb97f6,ab5c571e-66fd-45fb-a12c-d2497b60f982,1099031.225724519,1099033.6931097172,1099035.3966335012,641,200,2.4673851982224733,1.7035237839445472
13ac185f-e251-4e50-8568-12926da5e106,62f03492-233a-4c73-8583-919a97f51a7b,1099031.225709584,1099033.6955793703,1099035.4012904922,2531,200,2.469869786174968,1.7057111219037324
d13662c2-c0dc-4ae2-a342-017314d47a33,346884c6-d766-4ec5-aa72-7b2d60af0395,1099031.225722458,1099033.514442161,1099035.580517304,6592,200,2.288719702977687,2.0660751429386437
6a7c5325-ee71-4a10-9b42-8856a5ba3d5a,55d2324f-c44a-414f-861b-ac4705ce2f69,1099032.243203951,1099033.50129451,1099035.5694252918,3260,184,1.2580905589275062,2.0681307818740606
a37a6231-5ab8-453b-8fac-0290a6c61852,327c0ffa-aa23-4d82-a685-d4e61996d990,1099032.243209423,1099033.498955696,1099035.739998017,4609,200,1.2557462728582323,2.2410423210822046
837af671-1474-485b-b2b0-af7a9033c293,b8dda2fa-28fc-4eb1-802f-fb8defb5784f,1099031.225715401,1099033.523094367,1099035.75564018,1357,200,2.2973789661191404,2.2325458130799234
7b4361dc-58fb-4902-9a48-9e55350442a5,46d0e33d-a861-4fe0-8451-3a9b6b02a7e9,1099032.243197131,1099033.82957289,1099035.7522971118,6168,179,1.5863757589831948,1.9227242218330503
5ebf699a-741b-4b5f-9fad-9b03a5daea22,c0256791-c1ba-4f9d-be2a-b22ce90b509a,1099032.243206801,1099033.821335972,1099035.835086301,4121,200,1.578129171160981,2.0137503289151937
1d23de9c-f9b0-42b4-b2f6-de50e77476c6,f736d9db-b6e3-4fda-a6db-8f835470a33a,1099032.243200852,1099033.9099266941,1099036.085906317,6441,200,1.6667258420493454,2.1759796228725463
400269a5-4e71-448d-ab46-8e38d5d24c93,0e78f555-d2c5-4fe2-81d1-9a7530f75bf4,1099033.379289206,1099033.9503537468,1099036.4340812468,3053,194,0.5710645408835262,2.4837275000754744
b6fd3dcb-4907-41c1-9543-b0f4864e28dc,93032404-55d8-44ff-94c1-e83b4adf4b3c,1099032.243187486,1099033.884295279,1099036.829651885,6365,200,1.6411077929660678,2.94535660604015
58ebdc3b-d25f-45d3-b47a-bce942e7efa0,4bd80eaf-8b5c-4491-b357-aa692e0a7926,1099033.379304031,1099034.6560156248,1099036.9190021139,4994,200,1.2767115938477218,2.2629864891059697
5b6a33b9-76ff-4180-a3b6-ee11c446b41d,19c30b89-49e6-4785-b4ec-da68e367d4ae,1099035.28840908,1099036.6103072648,1099036.988246305,6440,31,1.3218981849495322,0.37793904007412493
fd007552-23cf-4e22-80f7-8960cc17e3ac,b37c25a9-30ca-45ba-948f-8b94d0b977f6,1099034.290300744,1099035.096338261,1099037.171573708,5662,200,0.8060375170316547,2.075235447147861
10b6d6a0-27a8-4f98-8a32-e20dc8abdfab,dd8abcd2-6f78-4e3c-b821-2725f6f61b99,1099034.290343687,1099034.8550090059,1099037.3203433268,1663,200,0.5646653189323843,2.4653343209065497
b253d77a-a4b7-41e4-a4bf-39b11010f611,086d9db4-5996-4535-986e-525ff4b4a80d,1099035.288417207,1099036.295382831,1099037.255698049,3114,99,1.0069656239356846,0.9603152179624885
dac19c7f-b341-4649-85a3-d3bad7fb0d19,92e9c4f3-5a88-45b5-bba4-0d7a61180e52,1099033.379300148,1099034.451860508,1099037.330275754,6415,200,1.0725603599566966,2.878415246028453
963f919b-ab6d-47d0-b644-7f4ebec7ca8b,54d11fb0-e397-4273-8b83-8a5523a7ebef,1099034.290334657,1099035.41156348,1099037.780782061,6212,200,1.1212288229726255,2.369218580890447
f59e8193-e358-4194-befa-bf9dba17b0ec,df0f9f8a-9867-430c-98ce-3f30f838e161,1099034.290339963,1099035.103896023,1099037.775427862,6029,200,0.8135560599621385,2.671531839063391
310b8174-e9dc-4ec0-a465-60ab3db97901,451863a8-c37a-4460-987d-185a07fcf9bd,1099034.290350487,1099035.5384349918,1099037.888767741,6570,200,1.2480845048557967,2.3503327490761876
48df7413-e4c6-4023-9496-b6eb77b2de37,1c43eba4-81bf-4b3c-a107-b258630ab250,1099035.288414852,1099035.876743259,1099037.896299149,1407,200,0.588328406913206,2.0195558900013566
fbcfdbd1-40dc-4de4-94df-3747582b741d,6badb635-12b1-45cb-9019-63670c999c17,1099035.288405678,1099035.9499782552,1099038.076514852,3423,200,0.6615725771989673,2.1265365967992693
c7ab51ec-2474-47b6-a53d-63a610dac595,f83a6d5d-465c-4ff0-bc0f-6eab5f238de4,1099035.288395012,1099036.179543439,1099038.434998642,6377,200,0.8911484270356596,2.2554552028886974
db2fd747-c011-4fcf-802c-f93ccc97c924,e89d00a2-aef6-4faf-a8f6-58052acdc0b2,1099035.288419253,1099036.342181844,1099038.534771372,4383,200,1.0537625909782946,2.1925895281601697
958f08d3-b824-41a3-8ff9-8c745728b0e3,33e1e879-a9b2-42f0-b1cb-4f3cf8e6b433,1099035.288411904,1099036.7795941378,1099038.5965269017,6112,200,1.4911822339054197,1.8169327639043331
256f564d-9786-423c-83f6-f609707f6276,e2bb5c6d-8f13-4395-8e28-67275d11e72f,1099036.317756373,1099037.292795297,1099039.2773102738,3891,200,0.9750389240216464,1.9845149768516421
981b1ca5-b1a3-459c-b031-c100a40b3a56,44e83e1c-1083-44c9-9f17-132d04102b38,1099038.258316925,1099038.904413286,1099039.775299131,4273,74,0.6460963608697057,0.8708858450409025
332865b6-7517-4b62-9133-4806a4355018,967aed41-fbe7-4e66-a54e-1b932c3f1357,1099036.31776729,1099037.605142802,1099039.742706518,6245,200,1.2873755120672286,2.137563715921715
912cc749-69ee-4589-8b03-b1aa9a0366df,00582910-d45e-43fe-9151-b2d8aa205d5a,1099036.317770883,1099037.832809499,1099040.0547313849,6190,200,1.5150386160239577,2.2219218858517706
41464884-126d-462a-8f5a-3fcd6b1daf03,310a581d-ae8d-4277-90f0-34b55bd55910,1099036.317773268,1099037.9063461293,1099040.101425114,6292,200,1.588572861161083,2.195078984834254
fb35f294-7019-496a-b02b-347b94f25497,01c1bafa-b5bb-4860-a15f-0969b27850ba,1099037.361869947,1099038.047530322,1099040.2452201582,3761,200,0.6856603750493377,2.19768983614631
3f13de91-5746-40d0-8e38-778299aa7de6,c0e273f1-c346-4c7f-ba9e-53a9c61c18c0,1099037.361875668,1099038.148258165,1099040.26164351,5874,200,0.786382497055456,2.113385345088318
c04fc8a7-85dc-49fc-bc70-402ee90a1a2a,0e701727-8a9d-4ce8-87a9-9931a1476227,1099037.361860892,1099038.003510894,1099040.2744591709,6213,200,0.6416500019840896,2.2709482768550515
964b26a5-be3e-4084-b2be-57d7dd9f115f,5dd975b0-30ab-46b6-96e0-39b315e33c7d,1099037.361878166,1099038.387618732,1099040.4059591761,5788,200,1.0257405659649521,2.0183404441922903
049c07d6-6768-4bd8-82bc-8b31f88f9dcd,384c381c-9e43-46bc-ae6e-f423ed8194ee,1099037.361873047,1099038.175429758,1099040.442605258,5441,200,0.8135567109566182,2.2671755000483245
7294743d-1454-4c2a-9e6f-6761a9228b16,2de8f2d6-66ab-4a07-90f9-203b01c54d88,1099038.258304273,1099038.870338411,1099040.9045690352,6077,200,0.6120341380592436,2.034230624092743
af21f484-ef8f-40ca-a5ec-4df68bbc7ffe,a2ba86da-8f5d-49d0-8042-bb89ccc41566,1099038.258321362,1099038.980679296,1099041.101475483,6209,200,0.7223579338751733,2.1207961870823056
b7c99ed7-00d3-4e44-84a5-ef5db720aea0,c7558f93-f86c-4355-a7b9-c08b9ddff562,1099040.233711435,1099040.707045184,1099041.177223089,6049,48,0.4733337489888072,0.47017790493555367
9bc97bc3-e687-494b-9704-461d85e48a02,41d72990-c4f9-4f15-a3a5-0d6b55ca3bc4,1099039.238696503,1099039.416745505,1099041.433563204,552,200,0.17804900207556784,2.0168176989536732
521299cd-883c-4685-bdb7-1b5f2bb21656,e12b8c40-92d4-423f-9257-e7ca6e3758dc,1099039.238709971,1099039.793737954,1099041.921524113,6305,200,0.5550279829185456,2.1277861590497196
9b8b06d1-f820-436f-abb8-e16c820bcc45,53dfe89a-8102-4086-85f9-8feab140d30f,1099040.233696613,1099040.659280671,1099042.7112827932,6349,181,0.4255840580444783,2.0520021221600473
3789db9b-5261-4c35-a3a7-0daebafdcdfa,4d5fc9ec-0170-4a88-adc1-b4297da5604b,1099040.233707786,1099040.5736489722,1099042.7657102991,847,200,0.3399411861319095,2.192061326932162
b0b8c136-8533-4219-8c33-6e431c81a7ee,394d1f48-5ed2-4b48-bbcd-f72d5f1a36aa,1099041.208530296,1099041.4540062412,1099043.602139322,3890,200,0.24547594506293535,2.148133080918342
c040c73a-8fa7-4fbf-ac6d-88b96f9fb16d,b9a1c60e-769e-4d7c-9bcd-7c30c553b14c,1099041.208511972,1099041.529481858,1099043.6730904481,6459,200,0.32096988591365516,2.1436085901223123
dd319773-548e-4d52-9e2a-503eec51fc94,05c9a37c-7cb7-46e2-9554-dc0d1ad6af70,1099041.208534199,1099041.733525641,1099043.664071381,6348,200,0.5249914419837296,1.930545740062371
cf66a55f-da64-45f2-a6e9-bbdf57fb9abf,e827bcdc-4d52-47f9-b3c6-64cb5b723399,1099041.208539338,1099041.518601194,1099043.721292817,2895,200,0.31006185594014823,2.2026916230097413
5bdb673a-d1ad-4b68-a235-849051ee680c,03bfbc57-8878-4e23-ad8e-e62d44d9ba11,1099041.208544477,1099041.7966898999,1099043.83773651,6365,200,0.588145422982052,2.0410466101020575
fd23fffd-e641-4265-a482-af313a8cfc93,9e3c8867-59dc-4f49-8675-cc60714855dc,1099041.208536917,1099041.676544378,1099043.9054139522,3697,200,0.4680074609350413,2.2288695741444826
98cc51ff-68b9-4fa6-b098-7f6107c3dbc6,21aff5d2-52eb-4393-97d6-cc63d6a99afd,1099043.256031594,1099043.6907285221,1099043.974563953,6325,24,0.4346969281323254,0.28383543086238205
d723e083-57fa-413b-81ea-8cd04d76c1cf,ad6e0805-854b-4ad4-b718-81d6c8218f27,1099041.208542152,1099041.838233076,1099044.033480531,5084,200,0.6296909239608794,2.195247455034405
f4e1a932-fd73-44e6-9afb-98d15e628ada,bfa767e2-3dd3-462a-8100-22c9a1611ab7,1099042.311175845,1099042.6915079232,1099044.227262105,1706,200,0.3803320780862123,1.5357541819103062
d963ca21-7a8c-4dac-8cfb-86789d431e45,c49def02-d591-4de2-b5b8-5d6d36f9f1a4,1099042.311188062,1099042.688344751,1099044.391025852,3115,200,0.3771566890645772,1.7026811009272933
ff59d127-0d15-48ef-b8eb-e7e09fa424e4,145e5f0d-7ea8-47b9-b4c3-c7f6cf51725e,1099043.256047417,1099043.718431068,1099044.692094024,2967,96,0.46238365094177425,0.9736629561521113
0aec76b9-8eba-4390-b249-07636291dd49,79555c7b-a7d6-4507-9ba7-d84dc5f17364,1099043.256043834,1099043.626516386,1099045.44104801,2603,200,0.3704725520219654,1.8145316240843385
85679c2f-e6e6-4dc4-a21a-e4779d3b034c,a5fcfe4e-eb51-4ac0-b8bc-d87496e3d9cb,1099045.220890751,1099045.387138035,1099046.196238261,2096,64,0.16624728380702436,0.809100226033479
e8b6a9fe-0cff-44e6-9b20-c2c169d5135e,e7803957-8926-462a-a31e-30cdb1c9ec2d,1099045.220896496,1099045.507254257,1099046.2625199,3822,71,0.28635776112787426,0.755265642888844
bde0e948-9e2f-4a1d-a2e7-18d10b2b4b82,eb8d5825-451b-48b5-839c-bd3f2e385b6a,1099045.220893881,1099045.630524639,1099046.557560411,4475,93,0.4096307579893619,0.9270357720088214
3b8379ec-a0d3-449e-b223-c04a08b6b3bb,5555e6f1-41e9-474b-b230-5cfb010b675a,1099044.223333734,1099044.693020251,1099046.744365336,6310,200,0.4696865170262754,2.0513450847938657
ce2b3e85-67a5-4b38-85df-b57ab3d59079,a37337b3-4345-44c2-99d0-bd4fa96c3614,1099044.223349471,1099044.6953023602,1099046.745719836,5053,200,0.4719528891146183,2.0504174758680165
d1510a04-68a2-4dd6-a330-901ce7944b27,799c1417-591d-41ce-b052-4d152da895db,1099044.223345909,1099044.698633717,1099046.785530268,6235,200,0.4752878078725189,2.08689655107446
9999c40f-f3e7-4cb2-a625-abe6890a6120,cf3db011-98a5-4583-9d91-eb16b37b5740,1099045.220877975,1099045.431366992,1099047.384575452,1064,200,0.21048901695758104,1.9532084600068629
7093fa15-5a03-4749-be19-416958608bdd,d846d4b2-4867-4720-9892-d49f8c7696e6,1099046.229651948,1099046.466199074,1099048.286705481,1685,200,0.23654712596908212,1.8205064069479704
bedb3313-c1f2-49dd-91c2-506c0b812417,df0a35f9-6001-4df7-9553-17f2347760bb,1099046.229656018,1099046.695202619,1099048.3884355642,4960,200,0.4655466009862721,1.6932329451665282
06c86e11-edf9-4521-a2e8-f5ccc9dfb723,f554436d-1d1b-47f3-a997-b59b79320c86,1099046.22963815,1099046.7080173409,1099048.672696538,6026,200,0.4783791908994317,1.9646791971754283
6d8ea66e-0e16-4370-8ec5-46829bc848cf,0136334d-367a-412e-a713-3b46dd3fbb28,1099048.230606825,1099048.6786982792,1099049.3520180192,6270,58,0.4480914541054517,0.6733197399880737
975fad82-b166-4d1f-8957-52a9b1f4b69f,00afce9f-fcbc-4be0-8ad5-f936a8ddfc41,1099047.219154946,1099047.504138293,1099049.694448409,1951,200,0.28498334693722427,2.1903101159259677
aa7c495b-86cb-4374-98d5-a04193b85a4b,5ed43ab5-6e62-46fc-a695-99d4cb7b0dcc,1099047.219134022,1099047.628230619,1099049.749115604,6448,200,0.4090965969953686,2.120884984964505
4ef1d676-1350-4cbe-a962-cbd57c1507e0,893d54fb-c8cf-4265-b0f0-731eb46f056f,1099047.219150106,1099047.756620596,1099049.8341626178,6109,200,0.5374704899732023,2.077542021870613
62b98eb4-8811-410d-98ec-92a91990eda8,23ee0cbe-2b7a-408b-9469-e2b3dc42f35f,1099049.251422828,1099050.012511754,1099050.681515203,5881,60,0.7610889258794487,0.6690034491475672
fbe654d6-781d-44be-9aac-6ce2b3f0d8c7,01580029-b853-4a73-96e9-198754e7c6cf,1099048.230622807,1099048.9201078962,1099051.242262741,6481,184,0.689485089154914,2.3221548448782414
0fa704ba-a361-418c-84ce-7d4a0165dea7,df0f9f8a-9867-430c-98ce-3f30f838e161,1099048.230625535,1099049.0496786388,1099051.241550617,5852,200,0.8190531039144844,2.1918719781097025
e20bb627-9179-4934-8468-ed3fc1a4f4e8,09329235-b77c-4c42-adf4-ff1827d1d710,1099048.230619062,1099048.988478398,1099051.287236229,6247,200,0.7578593359794468,2.2987578311003745
3835a19d-0a28-45f1-ab29-dea1548e3420,a1329327-31f8-4e0e-8c96-d4c38c61242d,1099050.218286517,1099050.954681732,1099051.439090534,2139,49,0.7363952149171382,0.484408802120015
8ccda554-5b6c-4f6e-a7a3-5e07f4c0221d,abc0c6cc-0bfe-4666-83e8-64b03ca4efa9,1099050.218277367,1099051.037395533,1099051.761976074,2611,79,0.8191181658767164,0.7245805410202593
d2c6518e-ca19-4551-a1e8-5cf527233989,baf92ccf-5953-4cbe-bea1-e5e4ec4f48f1,1099049.251404613,1099049.802354413,1099051.7287814142,3509,200,0.550949800061062,1.9264270011335611
6c924eaf-29aa-48d3-9b26-a69f0f30f1a2,b654d5e6-e3eb-4dbc-aa01-60dee8fba52e,1099050.218280624,1099050.520910305,1099052.124276518,2847,145,0.30262968107126653,1.6033662129193544
0f2c2727-6212-41a5-80a2-08f0f26aff78,e4212cdd-4eb2-432c-8728-ac09b26569d4,1099049.251420585,1099049.651366541,1099052.111199318,3566,200,0.39994595595635474,2.459832777036354
a02329cf-1244-42db-8c28-e6b633f857aa,c174f84e-239e-4505-9877-710ea1e1aa00,1099049.251417278,1099049.651205503,1099052.112381046,4779,200,0.3997882248368114,2.4611755430232733
cd1f9be4-996a-499c-adde-4193d26f0d09,016dd4b2-29b2-4b1e-8e7a-9002ec0e19e8,1099050.218270181,1099050.390751456,1099052.190204833,1660,200,0.17248127493076026,1.799453377025202
4b71fe5a-6004-4bd6-9307-34cfdc7ddc27,b08a97a6-f8e0-4014-92ec-ad1af8ba590e,1099050.218256523,1099050.5382411669,1099052.8201420037,6439,200,0.31998464395292103,2.2819008368533105
c50580fe-93db-4425-b180-22295e222cb1,9c107b6c-4101-42aa-9de6-3ff87c671de9,1099050.218274181,1099051.041427728,1099053.151516966,6491,200,0.8231535470113158,2.1100892380345613
fa221e4b-af1b-4cc8-9c84-699bba5ecdad,7a32f88d-b258-446c-954a-35e5cd5a4c84,1099051.254687702,1099052.445350383,1099053.166428844,6704,42,1.1906626808922738,0.7210784610360861
9716b1ef-aa92-4e76-b919-b4dcaaaa2e2e,8a111b60-2340-4df0-891d-81e653adc99d,1099050.218283718,1099051.244863691,1099053.765367394,6146,200,1.0265799730550498,2.5205037030391395
8e5bdfd1-1053-4cf9-96f5-cbf433fa6b46,c5e80430-d231-4b4b-ba36-b8fdc718933a,1099051.254692653,1099052.063816918,1099053.792718799,2405,200,0.8091242650989443,1.728901881026104
9c59d661-e1d9-40cd-9bdd-5ff57ad9d291,d58f6a04-6c49-4da0-97a2-a89a8f9c9ac4,1099051.254684105,1099051.677314895,1099053.974902103,2231,200,0.4226307899225503,2.2975872079841793
97e8ed40-dd65-450f-a9f2-a2dc84674405,df831d09-321b-4ae9-9739-8a1cee2e855a,1099051.254673302,1099051.74252311,1099054.049591924,6271,200,0.4878498080652207,2.307068814057857
8a793393-1457-4d9e-a1d8-7631f6882e63,623e1445-3e3a-45f8-b5a7-4ffd7a140c28,1099052.227676856,1099052.4045622433,1099054.5762744711,950,200,0.17688538716174662,2.171712227864191
cc71ec3b-af0c-4401-87ba-efc88d34a001,b43a54be-56bf-4383-90c8-2237a54a894d,1099051.254690081,1099052.3759667221,1099055.0544276591,3262,200,1.1212766410317272,2.6784609369933605
6439d9c4-d052-4990-91a6-41257b76d91a,eee60849-6a21-4615-8b42-be632d4dfff0,1099052.227687845,1099052.781258001,1099055.0845120142,6405,200,0.5535701559856534,2.3032540131825954
c761855e-ddbb-496e-8422-41afc6d37cf7,62f03492-233a-4c73-8583-919a97f51a7b,1099052.227691309,1099052.471976578,1099055.0840561741,2511,200,0.24428526894189417,2.612079596146941
6d5a404c-2a8a-4961-a249-c0241dee6723,5b7afdee-bc23-4cea-8c95-ee1786504a83,1099052.227693787,1099052.800674427,1099055.079974081,3743,200,0.5729806399904191,2.279299653833732
fea8d3ff-c3f6-4d59-8a06-a025d53ed654,2b648323-c36f-4d40-a568-1b308a23e4fb,1099053.222339863,1099053.438276227,1099055.86893464,692,200,0.21593636414036155,2.4306584128644317
b91c252f-4cb4-48ac-b6cb-18c3e6dc247c,15332257-88ef-4326-9ea6-b3f0529eafbe,1099054.226575027,1099054.4225703499,1099056.346408627,1856,200,0.195995322894305,1.9238382771145552
c2126498-10f8-4300-819d-d207c6b043dc,13c8030e-be08-44bc-b1d5-1304416e7a6e,1099053.222328097,1099053.6908573732,1099056.742846704,6029,200,0.46852927608415484,3.0519893309101462
5a146e4d-75ba-4c87-91cc-5a0a2af8596c,30910795-649d-4c33-afd7-634035edf721,1099054.226636776,1099055.047904685,1099056.742554653,754,185,0.8212679089047015,1.6946499680634588
b56b0505-5922-48f4-8757-bebb9bfa0dfe,19c30b89-49e6-4785-b4ec-da68e367d4ae,1099055.270926914,1099056.266969869,1099056.848658965,6440,30,0.9960429549682885,0.5816890960559249
9c03cd69-6a0e-4619-8209-6d4b7dacc345,420cc219-d4c9-4156-b463-edb91ecbe2ab,1099055.270930312,1099056.407275167,1099056.856357846,2878,18,1.1363448549527675,0.44908267888240516
3afd6b26-52fb-4b1c-9987-442f3a7291a8,99739e4b-0948-421b-91a7-a3c430be6f19,1099054.226610936,1099055.050752386,1099057.087161443,1239,200,0.8241414499934763,2.0364090569783
cca177d3-a115-4337-8c46-b1b75aec2bfe,c226d327-ec87-408c-844a-cb6a344c2aea,1099054.226622533,1099055.051510204,1099057.085296314,745,200,0.8248876710422337,2.0337861098814756
7d1deafb-c977-43c1-a229-e13088fdd204,7dffa10a-2db3-48f9-af53-bddccb30f2a3,1099054.226632061,1099055.0519134111,1099057.084319976,4609,200,0.8252813501749188,2.0324065648019314
73ebd7b4-c344-4592-b609-bd43e9c09bba,52b8d013-981a-41d3-8520-eb23e5010775,1099054.226604852,1099055.1211031,1099057.08884723,6314,200,0.8944982481189072,1.96774412994273
593f280b-735d-4de3-b035-1e617337ce1c,11ed2698-a70a-4704-b64c-933c1e3f5226,1099054.226596766,1099055.0507996199,1099057.2202581079,6024,200,0.8242028539534658,2.1694584880024195
3efe297a-0e02-4edd-949b-28739d0a4f45,fe06d773-cd9a-42bf-b1d7-614c1c625f07,1099054.226616777,1099055.106669866,1099057.989656961,6376,200,0.8800530890002847,2.882987095043063
c802499c-7e4c-4ebc-8ee3-9929dd7d3a99,c3ce244b-c729-4d19-9eca-771462a7d8ff,1099054.226627206,1099055.475239263,1099058.2358367199,2891,200,1.2486120569519699,2.7605974569451064
0d41d408-fd61-434e-8380-0ffe79f43fbf,d15044b7-c396-404e-998e-93e71a743f28,1099055.27091709,1099055.922884848,1099058.2749683459,2276,200,0.6519677580799907,2.3520834979135543
78b263a6-9167-49a1-8090-9b31db128b53,6ea89213-a24b-4e04-9166-3ae74526c64a,1099055.270935489,1099056.2446282383,1099058.410945041,1335,200,0.9736927491612732,2.166316802846268
6274be7e-b3fc-464a-bc17-2ef2a440ff45,4ae02155-c413-4c65-b178-63d7dab745da,1099055.270940202,1099056.8747432642,1099058.454304601,1870,200,1.603803062113002,1.5795613368973136
9a88015a-e91d-429c-b7b6-91e4b6e9a7bd,15fbccdc-7622-4cd8-b468-066ca318efea,1099056.281762252,1099057.554689435,1099059.425486659,6472,200,1.2729271829593927,1.8707972238771617
3abd57e9-73f2-4740-8f87-438a71bb5f9d,92822c32-6058-49fd-aa9c-0152bb38bb78,1099058.385900239,1099058.900465651,1099059.353540816,5839,36,0.5145654119551182,0.45307516516186297
121bb5a3-e9a6-4659-8d2e-aa7c381faf2c,b8dda2fa-28fc-4eb1-802f-fb8defb5784f,1099056.281753302,1099057.3425278282,1099059.5836622952,1500,200,1.0607745260931551,2.2411344670690596
fe5eaa3d-58c7-465a-a2be-635d5b4cfc3d,21d6c7bf-0824-4d6c-ae87-342ca4d3bf10,1099056.28175947,1099057.373090179,1099059.582637799,5817,200,1.0913307089358568,2.2095476200338453
6c2b6984-5982-4a82-a477-3fef13fb1be0,8d422f2a-231f-45fb-a52a-f07367e2f4cc,1099058.385921537,1099059.1623733959,1099059.5021078328,6217,43,0.7764518589247018,0.3397344369441271
c9680992-364e-44cc-a5d8-9a64c0491477,4861bc1f-2fb9-4c4e-971c-e3dda892c195,1099057.238038575,1099057.352076398,1099060.224627,1120,200,0.11403782293200493,2.8725506020709872
929793b5-f948-4140-98b6-2dbbd2d8eff1,2354094b-5191-4448-be6e-b3bbb69ce9f0,1099057.238053486,1099057.6235613672,1099060.225592554,5962,200,0.38550788117572665,2.602031186921522
32c4b67d-4289-4539-b70e-5ca581499ef2,a49d24aa-32c1-4fd9-8039-e95dd8e8abd7,1099055.270932829,1099057.268867391,1099060.146785477,5869,200,1.9979345619212836,2.877918086014688
39e23b21-f697-4a28-a5fe-bc3bd7147876,2e6d427c-5d5d-4341-bd59-5c0bf98acf50,1099057.238058547,1099057.52777444,1099060.2246098518,2690,200,0.2897158928681165,2.696835411945358
72ea5a05-2dfc-46fc-8fff-b90874ec9906,5b4e6569-39b6-477d-b82b-e9fa840a6eac,1099056.28174316,1099057.594804097,1099060.2402911,6069,200,1.3130609369836748,2.645487003028393
44f541ef-40c2-4113-9c98-c5154fec4ac9,d99bd3a4-aa98-4081-914d-d5fe46dea9f9,1099056.281756916,1099057.5400098232,1099060.2384822222,2191,200,1.2582529070787132,2.6984723990317434
fe82e5f3-691e-4137-89da-11161e63b8aa,147b36a6-ee7b-41e9-9e55-9d0a8335e8b4,1099055.270937835,1099057.446294843,1099060.144065409,4714,200,2.1753570078872144,2.6977705659810454
740023cb-e00a-472f-a5b7-792f6025779e,6729e742-81c7-499b-922c-2c6994bc9caf,1099057.2380626,1099057.715914505,1099060.470359696,3922,200,0.4778519051615149,2.7544451910071075
0746ef9b-f37f-4cbc-8e32-176c3366dc0c,e62f3f98-5d83-4b9e-9c7d-fc428edf1181,1099059.277056784,1099060.079137761,1099060.332396136,6545,18,0.8020809770096093,0.25325837498530746
c98fdce0-2541-44f4-a86d-e3dd1d5f756c,6390146e-f25a-4269-b965-86f87e50701d,1099059.277039953,1099060.0807866598,1099060.6193381168,3461,61,0.8037467068061233,0.5385514569934458
152ca31d-1c69-4ced-9326-064a611e1c7f,572c2839-ba50-43b8-b7b0-0bf23c8d57dd,1099058.385918713,1099060.4133421378,1099060.788459987,5634,53,2.027423424879089,0.37511784909293056
0090d0f7-1484-4cea-9d77-cf5ab5f091f7,aa39c52c-b5b7-4994-acbd-6f14cf52a56a,1099060.478531685,1099060.919048502,1099061.384115842,2731,33,0.4405168171506375,0.4650673398282379
f3d54b47-d938-4541-9502-0d8faadf54d4,c0256791-c1ba-4f9d-be2a-b22ce90b509a,1099058.385926231,1099059.367638939,1099061.375749781,4121,200,0.9817127080168575,2.008110841969028
c3a7cf11-b1c3-4ad5-b184-544c7e0a335b,384c381c-9e43-46bc-ae6e-f423ed8194ee,1099058.385911858,1099059.188447482,1099061.4569681298,5441,200,0.8025356240104884,2.2685206478927284
ebe48f77-674f-47c3-88c0-1c089663ac49,7a32f88d-b258-446c-954a-35e5cd5a4c84,1099058.385916174,1099059.1894882668,1099061.7916754559,6704,200,0.803572092903778,2.6021871890407056
43291092-6dcf-4fcb-99a2-79ed55bcb30b,f59505d6-2c8a-4269-b06b-4a09a34c57e0,1099058.385923834,1099059.505581293,1099061.788673551,5800,200,1.1196574589703232,2.2830922580324113
db478811-484b-4ced-b998-bbfa059037c0,d6c6ecce-7613-4cc5-89c7-46de6050a111,1099059.277054274,1099060.069917989,1099061.826798714,1060,200,0.7928637149743736,1.756880725035444
456cb161-1000-47e1-bec9-4e745e0be3e5,616f129f-3b5e-4571-8580-6d776d7d23f8,1099059.277062194,1099060.0728210069,1099061.8677295789,2692,200,0.7957588129211217,1.7949085719883442
5ae14bfb-1d8a-4075-bfa3-93470cc51d84,5f121c84-8232-44fe-909c-9a69fa9fdc9b,1099060.478522029,1099060.862987436,1099062.799098817,2836,200,0.3844654068816453,1.9361113810446113
0882ed80-2693-4d04-8c8e-9892889a3bdf,2c717881-9558-48a1-a0f7-0e9143a28634,1099059.277051194,1099060.340092336,1099062.737790333,6314,200,1.063041141955182,2.3976979970466346
26cb5e42-7aca-4677-beb5-36da9bce524d,7512566d-1690-445a-a19d-ecf10aebe311,1099060.478539481,1099060.9146000731,1099063.166611668,831,200,0.4360605920664966,2.252011594828218
387fbcff-97ca-4197-8067-f547d1a03671,5dd975b0-30ab-46b6-96e0-39b315e33c7d,1099059.277059712,1099060.8791708578,1099063.068673447,5788,200,1.6021111458539963,2.1895025891717523
bb7e7a8d-0e78-409c-b102-668b9f385f0d,bdd764a1-f13b-4ef5-be66-457691858534,1099060.478541527,1099061.1094721179,1099063.2271522628,2560,200,0.6309305909089744,2.1176801449619234
0127d8bb-399d-4ddb-9607-23f94a87b12f,57727da7-a89d-4b07-b497-8a4ae07e2f57,1099060.47853725,1099061.248368537,1099063.252077463,1148,200,0.7698312869761139,2.0037089260295033
76a4295c-6e8b-4fcc-ba1e-e002518afb9f,92dcd987-4459-4c21-98a5-5129ac92bc66,1099060.47853497,1099061.460129908,1099063.315603351,4955,200,0.9815949380863458,1.8554734429344535
b2cfb338-b727-49ac-8093-f674a030170a,dd8abcd2-6f78-4e3c-b821-2725f6f61b99,1099059.277064768,1099060.7722322338,1099063.192770945,1663,200,1.4951674658805132,2.4205387111287564
820de0bc-761f-4890-88cf-e1addf27d361,4605532e-01fb-47f9-adba-e8a42434e6e4,1099061.274394107,1099061.726666158,1099063.796021931,1434,200,0.45227205101400614,2.069355773041025
64d0e267-98d6-46b2-8cf6-8bc2fc84b480,d7284dde-c357-4445-b8a8-ac336e3acc3e,1099061.27440819,1099062.000086619,1099064.027363777,4330,200,0.7256784290075302,2.027277157874778
449ebad1-aa98-4898-8863-9261938789a3,6788d54d-4159-4b04-b9ab-1d1eeea6d9b1,1099061.27441028,1099062.1385568078,1099064.0612981098,1949,200,0.8641465278342366,1.922741302056238
705ec32c-de28-477e-9371-046ffd151e4e,09329235-b77c-4c42-adf4-ff1827d1d710,1099061.27440496,1099061.9926542528,1099064.114101758,6345,200,0.7182492928113788,2.1214475051965564
cc1077c8-7353-4b7b-af21-8649353aa992,9241e5d4-7685-47e9-8f12-d51806022933,1099062.272868685,1099062.685878992,1099064.647698656,5507,200,0.4130103071220219,1.9618196638766676
770b06bd-919f-407e-acd2-9812ab9eacec,47655980-12c4-4dd9-9ee0-ecc634eaf4db,1099062.272872106,1099062.480579214,1099064.684307009,366,200,0.20770710799843073,2.20372779504396
8bf669d6-428c-4d3b-a498-888ec423fb4d,b87d1b47-75a0-4129-8580-a96e0868928f,1099062.272856862,1099062.678839076,1099065.0916759272,5985,200,0.4059822140261531,2.4128368510864675
76249e87-de98-4df6-b32a-7ccc5ccc232a,0957c38b-3863-4426-b4cd-c9bd4939ca85,1099063.236771997,1099063.55310625,1099065.363471396,3631,166,0.31633425294421613,1.8103651460260153
b4a8514a-8904-4104-bcf6-97b2ee7d06c8,1154a913-bc2a-415a-8f60-85869c412d08,1099063.23678893,1099063.64052633,1099065.556092515,2327,200,0.4037374001927674,1.915566184790805
9b1a4cd7-45da-45e4-b904-bbe3a16aa9af,edf00561-d5fd-43db-891d-a57747fab3fc,1099063.236782625,1099063.703898716,1099065.778807444,6198,200,0.4671160909347236,2.074908728012815
8b38a209-c912-439a-8223-00ad1bc515e2,9f643b5d-c78d-43a4-a8c7-71bb7f808217,1099063.236776097,1099063.5379146,1099065.99627259,703,200,0.30113850301131606,2.458357990020886
2a8a8572-e986-4921-a6e7-4c7916eb71c3,5feecc80-78cc-489f-a6b9-84a83af8bc36,1099063.236759427,1099063.648758354,1099066.0407865809,6256,200,0.41199892689473927,2.392028226982802
8a41413b-40cc-44a1-a71f-26483050083e,2c7c59ac-4ed1-4d4a-8ede-c1915202131e,1099063.236779477,1099063.739749096,1099066.1412659711,2429,200,0.5029696191195399,2.401516875019297
bba811c4-1f34-474a-b411-5c41492bf985,39ab0541-81ed-4fce-99b0-095de4cec58b,1099063.236785787,1099063.7838577249,1099066.206214145,4282,200,0.5470719379372895,2.422356420196593
38ec8a28-4bd0-4a0e-a497-782ae61a39b0,c7344d02-17ce-4505-8d92-ada61240d9c1,1099064.247008449,1099064.532803408,1099066.804891814,3007,200,0.2857949591707438,2.2720884059090167
6bd16201-7227-44e1-8e2b-f6aa51800f60,f6528ead-3790-48e8-bf6e-24fdeff779c9,1099064.246995559,1099064.65970396,1099066.818964284,5651,200,0.41270840098150074,2.1592603239696473
f47d8d92-f58c-4dfe-8f6f-4b67fcea0bdc,2eef5030-8e4f-48f7-87c0-c4672c479dbb,1099064.247019467,1099064.744619222,1099066.951264174,6284,200,0.497599754948169,2.20664495206438
8bddebdb-9abd-4bea-8d0b-ac1837d7f9dc,b9128bf0-2636-4290-afce-cc0c01a9a3d0,1099064.24701306,1099064.8563753439,1099067.1396146899,5709,200,0.6093622839543968,2.283239345997572
2927eac3-1b4c-4414-b657-11004a74d026,e89d00a2-aef6-4faf-a8f6-58052acdc0b2,1099065.236857214,1099065.675208939,1099067.1287727999,4573,141,0.4383517249953002,1.4535638608504087
a147118b-b6ab-4c50-905d-435fc56f945c,b5c4d38d-aba9-4af9-a091-5e7b12c9feb5,1099064.247016413,1099065.184644342,1099067.545369922,6317,200,0.9376279290299863,2.360725580016151
528b8764-9464-4a9b-9de2-5cb766726e1e,b654d5e6-e3eb-4dbc-aa01-60dee8fba52e,1099065.236850412,1099065.9378983402,1099067.6323266102,2909,154,0.7010479280725121,1.6944282699842006
c517238a-0656-4cdd-b8bd-c01b313fcb77,2578c165-88d2-4fcf-8239-ee23a11cde02,1099065.236841808,1099065.726529794,1099067.7373934581,6482,200,0.48968798597343266,2.0108636640943587
b5c854c3-b883-4189-bd07-ec4e4316acdf,0e78f555-d2c5-4fe2-81d1-9a7530f75bf4,1099067.221642022,1099067.527538132,1099067.7645186079,3248,18,0.3058961099013686,0.23698047595098615
1b3b9ddf-302b-4073-9273-f2ed3f344315,476ae43d-0078-4849-b929-279b27c39df4,1099065.236846793,1099065.6104699888,1099067.8134321838,1418,200,0.3736231958027929,2.20296219503507
858b360b-033d-4716-900e-c3625dc131f0,1bdb2620-bdad-4c27-8800-12a87f185a66,1099065.236828413,1099065.6381553172,1099067.858003487,6090,200,0.4013269040733576,2.2198481699451804
516a4f68-cc89-4bf5-b1f3-67e319b5c227,a2aca4a9-9726-4bfb-b5e8-9e7eb3967010,1099065.236860934,1099065.935545211,1099068.047977519,4316,200,0.6986842770129442,2.1124323080293834
9ca07aed-f6a2-42ea-97b3-0c4e6a9dd43c,05632621-7db2-4736-b11c-644a5c05ada0,1099065.236853974,1099066.066198214,1099068.118009039,6222,200,0.8293442400172353,2.0518108250107616
11569a41-ac6c-47b4-9935-590155564896,7f8c295b-2bf1-4118-b828-2a33e7d46182,1099066.261995182,1099066.8110862789,1099068.1857782588,3801,114,0.5490910969674587,1.3746919799596071
5f9ed4f3-dad0-44a0-8cbc-f99999d27649,016dd4b2-29b2-4b1e-8e7a-9002ec0e19e8,1099066.261969914,1099066.487504699,1099068.349333583,1660,200,0.22553478507325053,1.861828883877024
d9b92c4b-d118-4c72-9e87-7674c3a684c0,933f3928-c5bd-436c-b052-8afb0bd75fd0,1099068.209316634,1099068.518478245,1099068.903845387,3642,41,0.30916161090135574,0.3853671420365572
49695c65-e340-49ca-b867-64328966f246,81f274fb-2e6f-430c-bca5-cbd3ec69d401,1099066.261983053,1099066.81653964,1099069.0751130441,6346,200,0.5545565870124847,2.258573404047638
4c03e470-e4df-4535-a963-06e33bca000b,d6e42e4d-4caf-4c43-b542-af920a9f2350,1099066.2619916,1099066.864725173,1099069.266575247,3598,200,0.6027335729449987,2.4018500740639865
885f4eca-9874-4594-90ab-cdfc771b3cf8,cc7c6485-ac31-423b-8903-23389e9ecb8c,1099066.261987917,1099067.1317642478,1099069.4779597549,6583,200,0.8697763308882713,2.3461955070961267
c3123762-958a-4d8e-8ed9-82117f5f5590,ffd0b423-c554-4d30-981b-d5ee5c345c99,1099067.221630175,1099067.5117920567,1099070.436248849,4376,200,0.29016188182868063,2.924456792185083
f1af14db-b60d-48e0-96a7-e59e16cf6ee4,b1506650-c796-427f-84ec-42b45a69bfd0,1099068.20931365,1099068.423353366,1099070.494405827,1539,200,0.21403971617110074,2.0710524609312415
542fb2bb-0edf-4a65-ace2-a20d21819297,625b3d00-628e-41f1-9a81-62cb5c7be991,1099068.209310236,1099068.5049229069,1099070.656431257,4737,200,0.2956126709468663,2.1515083501581103
1af64fef-119d-4c4b-aac9-1b7826c3ff83,11ed2698-a70a-4704-b64c-933c1e3f5226,1099068.20929342,1099068.5707119668,1099071.0015991789,6040,200,0.3614185468759388,2.4308872120454907
d4f33842-bca0-4608-b6e0-97958b6ea905,882c383b-3739-4ff4-be3d-18745f09b583,1099068.209319156,1099068.938429064,1099071.360700698,6442,200,0.7291099079884589,2.4222716342192143
0c2bea11-ba91-41c5-9e11-39d1a29750a7,3b187a2d-275c-495a-833c-75272901b9ca,1099069.225141351,1099069.408949695,1099071.397177057,2128,200,0.18380834395065904,1.9882273620460182
8db24dcd-c30b-4d7a-a92b-9224318935df,a014b4f6-1f69-4153-959c-5c494d3c617b,1099069.225144411,1099069.4254930709,1099071.548838343,977,200,0.2003486598841846,2.1233452721498907
c79de063-a8bb-4085-a88a-188ea5356adf,161520fe-b2a7-4765-9cec-8d3bd6da2327,1099069.225131355,1099069.429275699,1099071.565085993,3911,200,0.20414434396661818,2.1358102939557284
7f51983c-756c-4ed8-bdf6-08c6259dd72d,02fdc58c-4081-4c4f-b08f-be89fc1991ff,1099070.226415925,1099070.538700095,1099071.781069155,2908,138,0.3122841699514538,1.242369060171768
eabb7cb0-a29d-4ec4-a777-7280c7e6beb0,11a4e14b-d6c9-4235-a9bf-b4929896ec16,1099069.225146684,1099069.953378209,1099072.147775883,6225,200,0.7282315248157829,2.1943976741749793
023acf0f-a44a-4bbe-af99-c8c724e83ccc,477df5a5-5195-4a2c-8f15-39eb80add435,1099069.225148723,1099069.782191834,1099072.157222984,5950,200,0.5570431109517813,2.375031149946153
81115cfa-5362-4b70-9c65-ecf639eb1e9b,10a77566-30c0-4a98-b443-a2bb542d4dba,1099070.226401154,1099070.525561286,1099072.493099358,4596,200,0.29916013195179403,1.9675380720291287
6b1bfaeb-e289-4734-90b3-5e7aa308fd35,8e020282-5ecc-434f-b573-91c202e1468e,1099070.226412376,1099070.6450240908,1099073.1060667129,5905,200,0.41861171484924853,2.461042622104287
2afa3f18-482c-4dc8-90d2-8db83c1f61fe,ab5c571e-66fd-45fb-a12c-d2497b60f982,1099071.217298768,1099071.4104718452,1099073.261946565,641,200,0.19317307719029486,1.8514747198205441
f5b0c577-6c7d-4808-a0e0-9ad86d109db3,1907f3d5-7754-471f-a8be-1f44529fe912,1099071.21731308,1099071.573571747,1099073.307781679,518,200,0.35625866684131324,1.7342099321540445
440ef466-149a-4bfb-b107-607e781aa697,89cf2e96-a828-4fa8-862d-c0d888d66892,1099072.234659294,1099072.729285853,1099073.64509389,3897,89,0.4946265590842813,0.9158080369234085
478d120b-cdaf-4d62-bc82-1c266e734be2,09329235-b77c-4c42-adf4-ff1827d1d710,1099071.217309875,1099071.760168694,1099073.762237159,6189,200,0.5428588190115988,2.0020684651099145
1db50274-2f40-4226-9749-33472edd1c13,bc1de8c2-a6ae-4eed-92df-8609cafce1c4,1099072.234650908,1099072.409567254,1099074.337899356,1560,200,0.17491634585894644,1.9283321020193398
fe30004c-db6b-4663-b142-12842e978cc2,384c381c-9e43-46bc-ae6e-f423ed8194ee,1099072.234639848,1099072.544358376,1099074.535976657,5441,200,0.3097185280639678,1.9916182809974998
85794a65-ab43-4f2c-82ef-053a4b95b32b,80054dbf-463c-40e8-8df3-863c643bb1d5,1099072.234657053,1099072.582889536,1099074.932613262,4145,200,0.34823248302564025,2.3497237260453403
6e032e21-eed9-4859-82c7-f85433d38c5b,46bf7e07-8121-40ed-8854-6f622d8117c7,1099072.23465418,1099072.665582909,1099074.9907609709,5806,200,0.43092872900888324,2.325178061844781
55bc4f1d-11c5-4689-a78a-db425b4540f0,ce6f50d7-6546-4e5e-801d-c1df390fc739,1099074.232025282,1099074.9252504678,1099075.2780143819,2931,50,0.6932251858524978,0.35276391403749585
45d79ccd-e3dc-489c-be7a-6d7298aa46d3,32495d31-4c0d-459b-9532-97f707faea14,1099073.215151994,1099073.653908716,1099075.2968265791,2578,200,0.43875672202557325,1.6429178630933166
9bc7b4d2-b6e8-4bfa-94d4-0f4d80976f5f,b4a94ea5-376e-4be1-9fd2-48c7486ef854,1099073.215163404,1099073.667085274,1099075.405886481,1616,200,0.4519218700006604,1.7388012071605772
c8d965e9-d834-4a04-a4e3-189cc0e143b1,9724fec6-5a27-419a-835f-02d1cdee68c6,1099073.215166917,1099073.685981227,1099075.895340493,6017,200,0.4708143100142479,2.2093592658638954
570cda18-91d0-462c-8c10-581498797aa2,2837df08-d441-40c9-a309-8d7d55e0a257,1099074.232013489,1099074.5031064467,1099076.1617214638,2304,200,0.27109295781701803,1.6586150170769542
beac9336-7d4d-42f3-bc76-f381299c98c1,086d9db4-5996-4535-986e-525ff4b4a80d,1099075.248103709,1099075.570337265,1099076.58394966,3107,108,0.32223355607129633,1.013612394919619
f1757386-9090-4005-9255-14223ef0890f,64067c58-b338-48a4-85e4-99a236b0af21,1099074.232031529,1099074.916415046,1099076.779428434,614,200,0.6843835168983787,1.8630133881233633
c18b1abb-b7a6-4faf-9b5e-522fe85919de,93032404-55d8-44ff-94c1-e83b4adf4b3c,1099074.232029044,1099074.9969910472,1099077.010065777,6312,200,0.7649620031006634,2.0130747298244387
c10e9f7e-ca64-4ce0-b049-b093c288463c,12ed77b0-f0e1-4d6e-912d-ddc62a0ba391,1099076.222279016,1099076.7913908379,1099077.0894136748,6318,24,0.5691118219401687,0.2980228369124234
2a5c8cbb-80c4-4540-a4d0-86743c078054,e5f863e9-3a7b-4d7a-bdd2-60bc8ad6448d,1099076.222267294,1099076.6538643232,1099077.1047382252,6110,36,0.4315970290917903,0.4508739020675421
4836f018-9318-49f3-9ad8-a5b8fa5a4da8,7981de4b-b38c-4779-9333-92692204b4e4,1099075.248080312,1099075.409819887,1099077.26685086,1876,200,0.16173957497812808,1.8570309730712324
887c4e7a-790c-4b05-bf58-baf8303ce5bb,2c282873-ea96-4454-955b-1036d45d8e73,1099075.248092743,1099075.501599869,1099077.5416959361,1672,200,0.25350712588988245,2.0400960671249777
a5258a08-7b60-44bd-a0e9-e9925388e383,2aacea92-7898-4f60-9526-e7a073521d56,1099075.248101219,1099075.842494345,1099077.894905675,5274,200,0.5943931259680539,2.052411329932511
2e9c499a-7396-45dc-bb95-1ba7df60200d,d4cacfff-d5be-4fc4-86c3-ca3c2c799d9e,1099075.248098362,1099075.736002779,1099077.990991795,3932,200,0.48790441709570587,2.2549890158697963
4dc4b31f-9031-4fad-8141-5955a5220b8a,01524993-21d4-4d2d-a5d5-91a5663d91e2,1099075.248095776,1099075.866916295,1099078.1527187428,6033,200,0.6188205189537257,2.2858024479355663
fbda25dc-62e3-4bd9-abac-d9b5ba25988f,e5137238-7fd2-495a-878a-41bbed79caeb,1099078.219209775,1099078.48792882,1099078.9176159392,3846,33,0.2687190449796617,0.429687119089067
8d10c247-b932-4bbd-a4ad-37f820c34d31,9751aa65-dcbb-464d-885d-1feaba1a4819,1099076.222287205,1099076.946086457,1099078.959757611,3786,200,0.7237992519512773,2.0136711539234966
e5afb25b-08cc-4140-8b92-d3316ac01f09,abc0c6cc-0bfe-4666-83e8-64b03ca4efa9,1099077.264320011,1099077.482991382,1099079.0461351438,2706,140,0.2186713709961623,1.5631437618285418
5c5c50ce-7340-4f3e-aa05-3c5799863404,e38f0f5f-4fbc-4b59-80f5-e48d1b3455eb,1099076.222291895,1099077.1792071268,1099079.316477608,6825,200,0.9569152318872511,2.1372704810928553
dabdf78a-a03b-41b1-97d2-862436f564e5,a1329327-31f8-4e0e-8c96-d4c38c61242d,1099078.21922086,1099078.6376723568,1099079.428860111,2278,63,0.41845149686560035,0.7911877541337162
c73ab331-de80-45e7-823e-eda3216c056d,9e3c8867-59dc-4f49-8675-cc60714855dc,1099076.222289692,1099077.442816401,1099079.464460184,3711,200,1.2205267089884728,2.0216437831986696
b44a1996-8464-41c7-8055-49ff2ecd47b3,a499fde4-51c2-4cdf-8809-3a52991b1c6c,1099077.264323485,1099077.975940532,1099079.467748098,6250,121,0.7116170469671488,1.491807566024363
753cf76c-a471-4743-8101-1d707c374c0f,830a675a-2522-4601-b35a-c7313f3380c3,1099076.222282413,1099077.0161013869,1099079.523055543,6249,200,0.7938189739361405,2.506954156095162
fc3e5c2d-6c0a-447e-8452-55aa7726a3fc,19c30b89-49e6-4785-b4ec-da68e367d4ae,1099076.222284907,1099077.540806704,1099079.774664259,6440,200,1.318521796958521,2.233857555082068
021d3794-fed7-45c7-9f35-9bbe9f4c268f,4368eee3-45f1-41a9-9c4f-60292d5f062d,1099077.264309487,1099077.589121022,1099080.205319968,6042,200,0.3248115349560976,2.61619894602336
4f8bc7af-64c8-49f7-960a-f2a98f3d5bdb,c042296f-1f45-4a47-8fd6-d3a427bbfd9a,1099079.286084446,1099079.8821108018,1099080.5029739928,6061,54,0.5960263558663428,0.6208631910849363
7c0a17c6-0b17-42cc-bb24-8f1e27da10b3,62010be8-f099-4914-b6f4-3848f181a33a,1099078.219229251,1099078.85988746,1099080.897300163,6191,200,0.6406582091003656,2.037412703037262
c6242157-b6c6-45be-b6a8-911c4d61413b,8ab790e1-160f-4156-b4d8-43ea4ce11bb4,1099078.219231582,1099079.089268669,1099081.1615406328,6336,200,0.8700370870064944,2.0722719638142735
26c38334-c945-4479-a61f-be2a454cf880,4abbb17d-526a-4a7b-bcb0-eb3b6a1371f2,1099078.219226957,1099078.695697515,1099081.233241588,991,200,0.4764705579727888,2.537544073071331
aaabd95d-62a5-439d-a099-3e62951f7682,ff957c9d-a716-4c43-bbb0-dee349a644f6,1099078.219236462,1099079.272015451,1099081.501674943,6101,200,1.0527789890766144,2.2296594919171184
c3362435-51c0-4994-9b5b-b9d23c88efec,4b48480c-b437-41ef-a6d9-2bc4b74b0eca,1099078.219238892,1099079.471799336,1099081.672566124,6129,200,1.2525604439433664,2.2007667880970985
2c6d7417-95b8-4d8b-a222-c7fb3e6cdc26,dcff9a1f-a60c-4377-8789-154950a7f139,1099078.219224369,1099079.406488918,1099081.79238954,6265,187,1.1872645490802824,2.385900622000918
0f33d8da-a2ec-4971-a3ca-7bbbe2122fa3,9079960d-2c5e-4892-b03f-4c965fd9712e,1099078.219240995,1099079.296490717,1099081.809076336,2732,200,1.0772497220896184,2.5125856189988554
dcf83340-7d4f-4fe4-9930-9c19a5fbc776,00350808-5c9c-404f-9bcd-c153da1e8468,1099078.219234447,1099079.355748048,1099081.832273497,2232,188,1.1365136010572314,2.4765254489611834
693e7629-9137-42cb-9cdb-a8aaef44fd9c,e62ef715-38d1-40e2-b24e-aadafeed5c74,1099079.286073035,1099079.7162625191,1099081.9642114942,2347,200,0.43018948403187096,2.2479489750694484
2bad0e44-aee6-4a8b-8ee9-52b9c749754e,df0f9f8a-9867-430c-98ce-3f30f838e161,1099079.286088011,1099079.988739378,1099082.461911625,5873,200,0.7026513670571148,2.4731722469441593
999189ae-5c98-4c2e-a541-6fc0216b8180,4f425ba0-648a-4d9f-ac1f-e294980d4117,1099079.286093246,1099079.984889524,1099082.555408806,6285,200,0.6987962780985981,2.570519282016903
90b86550-b545-4673-bf1e-e4b1d2bee65b,a49d24aa-32c1-4fd9-8039-e95dd8e8abd7,1099079.286095315,1099080.1571526898,1099082.654592736,5849,200,0.871057374868542,2.4974400461651385
b071a290-0aeb-44cc-832f-22b175f700e3,127f14a7-64ab-4aeb-b2c8-b55ee217a17a,1099079.286090731,1099080.419232016,1099082.925875521,6372,200,1.1331412850413471,2.506643505068496
41f5e567-d968-47a2-bb6e-a721774dba77,799e20b1-36a1-4282-9d47-3faabcc08648,1099082.225875282,1099082.712880838,1099082.924305745,6453,18,0.48700555600225925,0.21142490697093308
52827457-2497-4f6b-b05d-d5be731a4ac4,eb8d5825-451b-48b5-839c-bd3f2e385b6a,1099082.225882036,1099082.8330232378,1099083.1103376588,4479,27,0.6071412018500268,0.27731442102231085
cd2f8567-444f-4369-b0df-c3caf7fd0509,3d7c75b0-1e1d-4eb3-aac3-ba4080d6570f,1099080.236536672,1099080.661474453,1099083.251205777,2650,200,0.42493778094649315,2.5897313239984214
7c6c7a05-bc3d-4abc-9ac1-cf629e35e420,458e899c-964f-4008-90b4-694cb94dfddf,1099080.23652699,1099080.784390651,1099083.441720906,5048,200,0.5478636608459055,2.657330255024135
9e243b63-8d72-4e81-b1cf-f0aeb3aea851,1bf26568-c5c1-4e78-8ba0-796957c5b747,1099080.23654686,1099080.817394409,1099083.507123962,1425,200,0.5808475490193814,2.6897295529488474
c4f7b682-a460-4953-9e47-d403af5aa44f,c7344d02-17ce-4505-8d92-ada61240d9c1,1099080.236552853,1099081.1642498618,1099083.5282064588,3007,200,0.9276970089413226,2.363956596935168
f368cb9e-27e6-4e23-acca-954cbae2d0ef,c51fd857-3f7f-4b3f-b0f9-e88d9ac704ef,1099082.225890562,1099083.0082637789,1099083.5639818998,5816,53,0.7823732169345021,0.5557181208860129
3dc99829-63a4-485f-aa58-eb1c6a290ed4,61aaf7d9-5163-47db-a2f7-a5dfc87dc710,1099080.236544857,1099080.969009472,1099083.58836976,4210,200,0.7324646150227636,2.619360287906602
a42c16bb-94c5-4bc6-84d5-c6f39a265e43,45eb3780-6fbc-4e95-b095-04211b3f96a5,1099080.236542695,1099081.134063029,1099083.594882923,813,200,0.89752033399418,2.4608198939822614
c9b17ad2-6f90-49bf-a8ef-d8800739e957,b0504ddd-048b-41e3-b755-077cdf863893,1099080.236550808,1099081.347582784,1099083.777061094,6341,200,1.1110319760628045,2.42947831004858
d14324a9-3163-4683-ba45-26be05f1116b,e6637aa4-3c0e-4683-beb9-6bdb1f923cdc,1099080.236549025,1099081.267597592,1099083.846687736,6723,200,1.0310485670343041,2.579090144019574
cd883cd3-dcc0-483e-ba76-ff7edc24fb76,616f129f-3b5e-4571-8580-6d776d7d23f8,1099081.244846376,1099081.761477057,1099084.058811409,2882,200,0.5166306809987873,2.297334352042526
e999c681-6d9c-4e45-999a-695ec5372027,439e0127-230c-4593-b4e3-e1cd2be6e4d2,1099080.236540148,1099081.558597126,1099084.051421673,6259,200,1.3220569780096412,2.492824546992779
efc6a5ee-e073-4505-afa1-7bf5065d1094,6ea89213-a24b-4e04-9166-3ae74526c64a,1099081.244835993,1099081.613658947,1099084.1138235591,1335,200,0.36882295389659703,2.500164612196386
16a0a011-f226-4ccb-8ed7-8447d020ec33,5b0c86fb-7255-4292-8ba9-f3639b7add50,1099083.261578853,1099083.780441934,1099084.2165711701,2110,38,0.5188630810007453,0.4361292361281812
ad365c47-b6dd-4d5a-b809-f7ff809e79d4,23ee0cbe-2b7a-408b-9469-e2b3dc42f35f,1099083.261581688,1099084.003879682,1099084.283581041,6083,18,0.7422979939728975,0.2797013591043651
b6a6c862-d5db-44c8-aeb0-98affda1436b,cf3db011-98a5-4583-9d91-eb16b37b5740,1099082.225863514,1099082.415423876,1099084.5287791418,1065,197,0.18956036190502346,2.113355265930295
c62da193-ec5f-4ef7-9197-367103d9123d,3ed61bf9-527c-438b-9427-d3c27f9b8bc8,1099084.23473094,1099084.7489089682,1099084.944413478,6290,18,0.5141780280973762,0.1955045098438859
d7db0461-7d4b-449b-8111-7790954b31b3,a2917ffe-8d97-4a93-82c1-5c15242ac5e6,1099082.225893446,1099082.708168706,1099085.101576733,2980,200,0.48227525991387665,2.393408027011901
7dd91538-71a7-4381-9d7f-2d7d4c055167,a66219a5-0bf0-499e-8da4-6217f9feef08,1099082.22587893,1099082.749920967,1099085.127766437,1112,200,0.524042037082836,2.3778454698622227
3a048f92-cc97-4b4b-93c1-abb52af75944,5b4e6569-39b6-477d-b82b-e9fa840a6eac,1099082.225885006,1099082.809419733,1099085.302760093,6128,200,0.5835347271058708,2.4933403600007296
91adaad4-b414-44e1-bf64-9e1d959efd9e,83bb93d5-935c-47c5-ad10-6b74cc73f69a,1099082.225887839,1099083.036097089,1099085.315053661,5742,200,0.8102092500776052,2.2789565718267113
01050a0c-0743-40f4-9309-abd62132d2cb,370e9c6e-76c4-4f5f-94a2-56eda56ca89b,1099083.261575214,1099083.6416384482,1099085.6205841142,2223,168,0.3800632341299206,1.9789456659927964
a78d70a8-0f75-4252-a9da-08359a989f14,d846d4b2-4867-4720-9892-d49f8c7696e6,1099083.261584284,1099083.70778649,1099086.063342031,1855,200,0.4462022059597075,2.3555555411148816
759f5ee4-ef12-40ae-ab72-cc9630eeb0db,1d9d59fe-b742-4ff7-a68f-88fb2eef9ca9,1099083.261564775,1099083.655350182,1099086.196722968,6127,200,0.39378540706820786,2.541372786043212
d57af2fd-11f3-4db4-b9a2-ed501e872cde,3ac1f3a7-813a-4683-b941-b18074fd7722,1099083.261589547,1099083.8851057459,1099086.295207759,2927,200,0.6235161989461631,2.4101020130328834
0afea401-713f-4c86-a024-176ab469e76d,9fd9f898-9cfd-457b-adfe-707b66258b3d,1099083.261587252,1099084.3591845338,1099086.5047730037,7042,200,1.0975972819142044,2.145588469924405
c23be2ca-404e-4707-9366-84734e6ac9c7,f3c7b4af-4cc8-4b3c-8d1a-85880e5521c2,1099084.234716164,1099084.437605612,1099086.711889702,1461,200,0.2028894480317831,2.2742840899154544
d64d4ee9-9692-4e42-ac3f-72d689fd68b0,2cd9f398-23c1-4f32-aea2-8dac6a11d683,1099084.234727245,1099084.459184561,1099086.831885519,1261,200,0.22445731586776674,2.372700958047062
5956272f-9e0c-4d69-a084-bcf6bbed1a58,0063e1c2-efc9-4319-b73c-26561d65a9f4,1099086.225584903,1099087.2496754702,1099087.5940966501,6359,35,1.024090567138046,0.34442117996513844
12b79394-507e-40de-9c0f-0f32d2bf9815,2204b36f-ca0b-4da9-b583-476d2b2d954f,1099085.216344803,1099085.532300197,1099087.785891748,2182,200,0.3159553939476609,2.2535915509797633
1a32c345-941d-47a9-a0a8-e3575138888a,8162980e-e365-418d-87c3-2d53058fb7f2,1099085.216341079,1099085.6083131728,1099087.788081378,6137,200,0.39197209384292364,2.179768205154687
e8fefdf8-04fb-472a-a7d9-17c75cb1a912,e88b1149-8f9c-4867-9db5-96d87443c927,1099085.216347384,1099085.7527515579,1099087.863924067,3318,200,0.5364041738212109,2.1111725091468543
71d1e7ba-fa04-4e7f-98fe-ea892f9ac5f8,966e73e3-01e1-49dd-97cc-3b17b0344882,1099085.216320284,1099085.5840006338,1099087.9377233197,6214,200,0.3676803498528898,2.3537226859480143
56e0c0e4-ed68-4a91-b15c-522cec414340,6390146e-f25a-4269-b965-86f87e50701d,1099087.254802272,1099087.584226908,1099088.026431117,3479,42,0.3294246359728277,0.4422042090445757
de5b80fb-c634-4b22-a439-52e55703736e,b654d5e6-e3eb-4dbc-aa01-60dee8fba52e,1099087.254823626,1099087.6928322099,1099088.1429887959,2889,48,0.438008583849296,0.4501565860118717
11b07b88-ed08-48c0-a079-20e85c209bb5,a37337b3-4345-44c2-99d0-bd4fa96c3614,1099085.216349898,1099085.61594092,1099088.176325019,5241,200,0.3995910221710801,2.56038409890607
93fc2408-487d-4e4b-81a5-3960d536b616,ca330d28-a7ef-4a25-a6cc-51578e715514,1099086.225596294,1099086.9558621931,1099088.262048275,5962,126,0.7302658990956843,1.306186081841588
bfc31173-bbd3-4751-9039-c26143869c8e,67758644-12b8-4d98-b640-a9e8ac069351,1099086.225599238,1099086.52476593,1099088.6700850457,726,200,0.299166691955179,2.1453191158361733
067639fe-63bb-4f40-9d41-c6d7bc935a1f,8ec0ec4f-e5c6-4e62-887d-61d6c0a16301,1099086.225593279,1099086.92186903,1099088.8188260722,6220,200,0.6962757508736104,1.8969570421613753
6028d730-df84-4827-b594-1a366f29d4a3,a38f645a-15c1-4b70-be39-1656a21c0e2d,1099086.225587684,1099086.705053767,1099088.83787848,3940,200,0.4794660829938948,2.132824713131413
cf8020e9-23db-4821-baea-9cb7bac74074,e4e2e608-ce54-4ee6-8651-29dcfd54dc86,1099086.225601832,1099086.6592040327,1099088.8302100368,1305,200,0.43360220082104206,2.171006004093215
9d66ae27-b82b-44bf-96c5-667fe92aa412,ac793620-cf14-4d0b-85c9-285d6602176f,1099086.225580654,1099086.682691472,1099088.85899367,5824,200,0.4571108177769929,2.1763021980877966
6296692a-95ec-483e-ae38-32d06cb12f35,77e4d1e2-9eab-4ec9-8690-2163ba744ae1,1099086.225568418,1099086.508636405,1099089.050908891,3794,200,0.2830679870676249,2.5422724860254675
be9a1015-1686-42a6-8aa1-36ce0381c6a0,6b878a33-5f67-484e-9f15-8dc6a9ae6662,1099086.225590652,1099086.6775072361,1099089.2542075692,4661,200,0.45191658404655755,2.5767003330402076
a6ba6b0e-af3b-41c4-a862-717106628657,01d20233-ba05-4142-a870-402681c0fb91,1099087.254814159,1099087.7193729307,1099089.7430776658,5399,200,0.4645587718114257,2.023704735096544
0fa74463-b2ab-4eb7-9e33-53b7366d081f,50cb1f3a-c995-4191-a881-615aad112039,1099089.220451389,1099089.528767992,1099089.953656718,3534,41,0.308316603070125,0.4248887258581817
e6a1e02d-cce6-4113-8916-cdb30fd104f9,73263cbe-ff20-4caa-bbf9-8ff4b160fd8c,1099088.253236744,1099089.062566062,1099090.174683281,3419,90,0.809329317882657,1.1121172190178186
44163f40-f663-4dbf-b4f5-03753b32e7e0,d99bd3a4-aa98-4081-914d-d5fe46dea9f9,1099087.254826872,1099088.020353853,1099090.450586858,2191,200,0.7655269810929894,2.4302330049686134
f22a3a81-185a-4ff8-9aae-7a9494323907,01c1bafa-b5bb-4860-a15f-0969b27850ba,1099087.254830035,1099087.934640199,1099090.481668538,3902,200,0.6798101640306413,2.5470283390022814
3a0900c3-0598-47fe-9766-53222bb10321,451863a8-c37a-4460-987d-185a07fcf9bd,1099087.254820699,1099088.1497952342,1099090.6034551372,6616,200,0.8949745350982994,2.4536599030252546
0931a335-af80-4c32-bbec-e15e2bb0d117,8430f359-c0da-41c2-8c0a-99afadae6c25,1099087.254817595,1099088.007815327,1099090.693036773,6267,200,0.7529977320227772,2.6852214459795505
38133ee1-f1d1-4341-ab28-f1d88b5241cf,c226d327-ec87-408c-844a-cb6a344c2aea,1099088.253234137,1099088.867803428,1099090.9603156652,745,200,0.6145692910067737,2.092512237140909
55e58817-4e25-433a-9a66-7a2d2fc8c420,39ab0541-81ed-4fce-99b0-095de4cec58b,1099090.245147801,1099090.646646076,1099091.3469916312,4471,52,0.40149827511049807,0.7003455550875515
1183893a-3709-4108-9990-f64bbebb27c6,292a9ec3-7dac-4e8f-8c20-f84e90560a11,1099088.253222812,1099089.260701512,1099091.385348547,6272,200,1.0074787000194192,2.124647035030648
6f24ac24-16cb-457b-8e98-f5e6b12acd45,4bd80eaf-8b5c-4491-b357-aa692e0a7926,1099088.253218759,1099088.8869924499,1099091.4874111079,4994,200,0.6337736907880753,2.6004186579957604
2a10c39e-1780-49f5-ba4f-219d0eef0b4e,0e701727-8a9d-4ce8-87a9-9931a1476227,1099088.25320788,1099088.9024052771,1099091.5108483662,6203,200,0.6491973970551044,2.608443089062348
c9acf8a0-ff93-4440-b433-5695dff30eab,9f643b5d-c78d-43a4-a8c7-71bb7f808217,1099089.220461986,1099089.473209948,1099091.514876631,703,200,0.25274796201847494,2.041666683042422
574e3ca6-2970-48a0-a2b0-3880ddfa8b9a,93047e83-9aeb-4634-bc01-01c7fbdbf63d,1099088.253231609,1099089.17195228,1099091.551975709,6141,200,0.9187206709757447,2.3800234289374202
561e973a-a07f-429f-ae4a-d8701e847c4f,dd8abcd2-6f78-4e3c-b821-2725f6f61b99,1099088.253225832,1099088.869739618,1099091.637892844,1663,200,0.616513785906136,2.768153226003051
32113427-ed85-4efe-9679-b16430a07d03,7dffa10a-2db3-48f9-af53-bddccb30f2a3,1099089.22047103,1099089.7418013571,1099091.6590634352,4743,200,0.5213303270284086,1.917262078030035
439336df-bf12-4bce-a6ca-67e9ef95207b,649f563f-c280-4cb5-a6b1-81e9567055cb,1099088.253228841,1099089.1950239209,1099091.785361167,6203,200,0.9417950799688697,2.5903372461907566
5731fd41-e82b-4ef8-853c-671415b17f68,19c30b89-49e6-4785-b4ec-da68e367d4ae,1099091.248681528,1099092.037869562,1099092.421669533,6440,28,0.789188033901155,0.38379997108131647
0f1b36fb-0ba2-4394-8a04-9303e056f16e,a38cc03c-0c15-4c65-b327-0a790b0f3638,1099090.245154121,1099091.017834668,1099092.448031984,6421,114,0.7726805470883846,1.4301973159890622
8bc12d65-cae2-4a1d-af56-76f60553421b,308e3060-30fa-48b1-a71c-e01dd6119f87,1099089.22046841,1099090.16689265,1099092.487003545,6224,200,0.9464242400135845,2.3201108949724585
69f847f1-d509-4205-baae-4bdab88b6865,e89d00a2-aef6-4faf-a8f6-58052acdc0b2,1099089.220465616,1099090.04072529,1099092.5360730882,4724,200,0.820259673986584,2.4953477981034666
f0aabdcf-9717-4327-bf88-867421ed0128,e6b5aa5a-f8c4-40a5-83af-81b226cb08c3,1099090.24513875,1099090.773604024,1099092.723969892,6079,200,0.5284652740228921,1.9503658679313958
a5350fff-a929-402d-82b0-12431b6b76ab,a014b4f6-1f69-4153-959c-5c494d3c617b,1099090.245145047,1099090.885469712,1099092.8145049622,977,200,0.6403246650006622,1.9290352500975132
9368520a-088f-4be4-a557-c20bbf7d5fab,2eef5030-8e4f-48f7-87c0-c4672c479dbb,1099090.245125615,1099090.687247892,1099092.9243922778,6439,200,0.44212227687239647,2.2371443859301507
c5891a0d-6a30-4ecf-863b-4a48e0ee8149,1ce0cc43-25d2-46e0-91e4-43901076cdf9,1099090.245142496,1099090.914833441,1099092.98545748,2897,200,0.6696909449528903,2.070624039042741
51a400cf-c448-437d-853a-f65d55fac8c5,743528ce-8ff5-4c63-8df5-2e9b0703cc0a,1099090.24515141,1099091.385111797,1099093.528266835,3811,200,1.1399603867903352,2.1431550381239504
7ab58829-f38e-474a-b30c-afd410e5ba94,5feecc80-78cc-489f-a6b9-84a83af8bc36,1099091.24866434,1099091.676079406,1099094.003396003,6226,200,0.4274150659330189,2.3273165971040726
40ced176-29d0-4267-9365-17a5de0c8cca,8094c720-081f-4a98-aca9-d83abaec4c87,1099091.248683938,1099091.932105758,1099094.129436729,2107,200,0.6834218199364841,2.1973309710156173
88502b3a-8013-4412-b138-1356cd1c962a,a1c001c3-216d-4bf4-817f-1db21b7766d1,1099092.251396894,1099092.870519627,1099094.2281885499,6308,123,0.6191227328963578,1.3576689229812473
79bf58ba-86f8-4490-a988-996509f21763,90d228aa-55a6-47fd-8f46-cd871d180b10,1099091.24867882,1099092.117269691,1099094.248971996,6413,200,0.8685908711049706,2.131702304817736
7cc7ee31-7993-4fbf-85b5-92f36f522026,a91786b9-b70a-4ba9-93a3-3c49e7f6ffc5,1099091.24867516,1099092.0861273652,1099094.6756217433,6442,200,0.8374522051308304,2.589494378073141
c4081890-901c-423c-945b-4a08e8835071,7512566d-1690-445a-a19d-ecf10aebe311,1099092.251390076,1099092.540695692,1099094.689741862,1042,200,0.2893056159373373,2.1490461700595915
e59168f4-a671-4fe5-8c8d-0ce85a5185ba,5b7afdee-bc23-4cea-8c95-ee1786504a83,1099092.251378474,1099092.558487882,1099094.787901444,3964,200,0.3071094078477472,2.229413561988622
999ba478-c7f2-4f62-9413-f7955fa110e3,906139de-bfcf-4e94-9bec-98a4621dbed1,1099092.251399589,1099092.65133677,1099094.809404528,3912,200,0.3999371810350567,2.1580677579622716
1e1efe27-764d-43ff-b3e9-060398f32384,54d11fb0-e397-4273-8b83-8a5523a7ebef,1099092.251393867,1099092.978364028,1099094.971966815,6154,175,0.7269701610784978,1.9936027869116515
6cc0b063-36c3-4fc8-93a6-db868c8f3950,d81300c0-9e09-45d8-84f5-e342f80ca6d0,1099094.203368153,1099094.290118876,1099095.016555287,1327,67,0.08675072295591235,0.7264364110305905
52287726-124c-48b6-a2b8-8e428e545114,7ad2aea5-c86b-4155-9a3b-4b2ea0397338,1099093.203121443,1099093.407680886,1099095.723511137,3326,200,0.20455944305285811,2.3158302509691566
4b029836-253b-4df0-ae64-0a59ad3c05c9,c0e273f1-c346-4c7f-ba9e-53a9c61c18c0,1099095.202575768,1099095.599424345,1099095.8328663341,5863,26,0.3968485768418759,0.2334419891703874
f90b167c-48ca-4afb-97df-9f540041d426,3b187a2d-275c-495a-833c-75272901b9ca,1099094.20337685,1099094.3277236542,1099096.0377100692,2128,136,0.12434680410660803,1.7099864149931818
3e4aac25-11af-427e-aea5-3ac2d0cf382a,3843b2c1-db08-4327-bab6-6c5f8f1d4ce6,1099095.202555436,1099095.359412604,1099096.309320305,2882,99,0.15685716806910932,0.949907700996846
b257e433-25d3-4924-85f3-031eefef9106,05632621-7db2-4736-b11c-644a5c05ada0,1099095.202578891,1099095.539539586,1099096.443840273,6222,81,0.3369606949854642,0.9043006869032979
8c18a856-127a-4da6-b8d9-988d01c2e345,9241e5d4-7685-47e9-8f12-d51806022933,1099094.203371096,1099094.490412934,1099096.59948865,5487,200,0.28704183804802597,2.1090757159981877
7e9e8b0e-015a-4d06-b793-53c5767662ac,38274d58-563a-4896-ae8c-7920e3737a7e,1099095.202596798,1099095.3938773233,1099096.9514845852,2895,108,0.1912805251777172,1.557607261929661
a3134342-4c80-4a87-976c-7877ca7e84c7,c1178b93-624c-4368-a215-bbf1e0b91c17,1099094.203356349,1099094.3551307349,1099096.934360572,2448,200,0.15177438594400883,2.5792298370506614
06e84503-e718-4981-a3e0-f25704de25b4,c7344d02-17ce-4505-8d92-ada61240d9c1,1099094.203362425,1099094.392716279,1099096.932740438,3007,200,0.18935385392978787,2.5400241590104997
aeed6dfa-e3c6-47cd-9286-578479178a80,52b8d013-981a-41d3-8520-eb23e5010775,1099094.203359818,1099094.656888015,1099096.933783367,6344,200,0.453528197016567,2.276895351940766
f4735c70-30e5-4564-bc17-39d9259a4c0e,a7665175-db71-4c41-b159-46cbf857d36f,1099094.203374138,1099094.421536107,1099096.9686996322,3984,200,0.21816196897998452,2.5471635251305997
de92e111-fd22-4a50-bec6-0fb1ccd1fa00,15fbccdc-7622-4cd8-b468-066ca318efea,1099094.203344663,1099094.663152206,1099097.0320921529,6468,200,0.4598075430840254,2.368939946871251
0e8ac1b1-e0a0-48e0-b27d-6fb782938b51,2de8f2d6-66ab-4a07-90f9-203b01c54d88,1099094.203365313,1099094.6460003047,1099097.1034144498,6180,200,0.4426349918358028,2.457414145115763
fd47f8b4-2bc9-477c-acbc-1ae1668d4f3c,a2f0e4f8-0472-4ab5-ae87-c77e28e82d50,1099095.202587961,1099095.4818945841,1099097.6542607471,4910,200,0.2793066231533885,2.1723661629948765
2be92c5f-4af4-4a53-8dc3-0e2047a2221f,21aff5d2-52eb-4393-97d6-cc63d6a99afd,1099095.202585062,1099095.526255051,1099097.748318536,6254,200,0.3236699888948351,2.2220634850673378
1042e0c4-abc2-43e6-ad54-9dfcfa23a38c,e62bfd31-0eb8-4b75-9da9-5217ee3c5b91,1099095.202581867,1099095.411011717,1099097.7505948641,3551,200,0.20842984993942082,2.3395831470843405
67d1ffd9-ec62-4b48-9ebd-2d5de8bb10f2,33e1e879-a9b2-42f0-b1cb-4f3cf8e6b433,1099095.202593653,1099095.543396881,1099097.9764041782,6127,200,0.3408032280858606,2.433007297106087
fcca2847-3633-4e05-9a35-83452ced6c9c,1b5b7ec9-af75-4404-bc92-07d960135fb0,1099097.202628773,1099097.522392396,1099098.125052005,6234,51,0.3197636229451746,0.6026596091687679
de2955f2-1ea3-4b81-aed4-da3295816640,d350830f-1917-4e57-b61a-d5974c15409d,1099095.202571869,1099095.64956168,1099098.1406985938,6417,200,0.4469898110255599,2.4911369138862938
d92626dd-b60c-4b0f-a521-2ea83e57b096,3cacc107-dca1-4afb-b1b9-2f813f74eb3e,1099095.202590793,1099095.526464408,1099098.177041556,6035,200,0.3238736151251942,2.6505771479569376
7078e94d-47a7-4162-bcd1-0aba0b454c3b,fe06d773-cd9a-42bf-b1d7-614c1c625f07,1099096.203606191,1099096.4959350901,1099098.692493666,6376,200,0.2923288990277797,2.196558575844392
e1c14f3e-7d51-4726-b651-5bec696d2eae,e2756295-4593-489d-b18c-ca24bcd6ad71,1099097.202621888,1099097.5042522298,1099099.5190963368,6381,200,0.3016303419135511,2.014844106975943
dd2ee35a-54ee-43e9-9fc1-6e5a209d20b3,eac78716-775d-4fad-95de-28cdcbfe901d,1099097.202631387,1099097.437104232,1099099.83860461,4711,200,0.23447284498251975,2.4015003780368716
50f4f059-f3f9-4743-a11c-917835882154,92822c32-6058-49fd-aa9c-0152bb38bb78,1099097.202609991,1099097.499569604,1099099.926327566,5859,200,0.29695961298421025,2.4267579619772732
0369e6d3-f76c-4452-860c-596b4a313436,616f129f-3b5e-4571-8580-6d776d7d23f8,1099097.202625878,1099097.640872706,1099100.064701253,2862,200,0.43824682803824544,2.423828547121957
f8481cf8-4889-4c18-a63b-8aaf8098b719,3bbe86ed-d7cf-4231-9539-29db62dc29f1,1099098.20256624,1099098.2508581688,1099100.281419154,396,200,0.04829192883335054,2.0305609852075577
8a3d514a-37f8-4573-897f-5e76866526fb,b9a1c60e-769e-4d7c-9bcd-7c30c553b14c,1099097.202633773,1099097.7925609208,1099100.2827998998,6460,200,0.589927147841081,2.4902389789931476
d3be04f3-35a3-4b29-81ba-f3c4c08b470e,c9558e45-2a86-403d-85c0-a9d29a0abf12,1099099.202645802,1099099.493731186,1099100.350137664,5589,64,0.29108538408763707,0.856406477978453
a4cb259c-486c-4627-9e11-2250d4db3521,67758644-12b8-4d98-b640-a9e8ac069351,1099098.202570312,1099098.290018891,1099100.547216354,726,200,0.08744857902638614,2.257197462953627
0cd229da-6466-4f2d-8df0-567ca7a6a6e3,6390146e-f25a-4269-b965-86f87e50701d,1099100.202637185,1099100.3519804752,1099100.672924047,3479,27,0.14934329013340175,0.3209435718599707
27ef1884-d442-4414-b507-51d29abb76ce,9751aa65-dcbb-464d-885d-1feaba1a4819,1099098.202574212,1099098.4172022392,1099100.728183797,3786,200,0.21462802705354989,2.310981557937339
7461f650-6f02-4165-92a9-830e41d93745,f1c9a465-31b9-4ab6-ae78-59df434e4f7e,1099098.20256113,1099098.524660548,1099100.745593892,6405,200,0.3220994179137051,2.220933343982324
b99a6ae2-4b52-4d16-b3f4-e1a1904fa223,b43a54be-56bf-4383-90c8-2237a54a894d,1099098.202546145,1099098.381239837,1099100.812403291,3506,200,0.1786936919670552,2.431163453962654
29f7b947-da0c-40bb-87a8-683030118797,f83a6d5d-465c-4ff0-bc0f-6eab5f238de4,1099100.20265918,1099100.603157668,1099101.1529175038,6360,66,0.40049848798662424,0.5497598359361291
78577409-95bd-48fb-bb52-203594330b4c,8e020282-5ecc-434f-b573-91c202e1468e,1099098.202578211,1099098.612234666,1099101.161075759,6098,200,0.4096564550418407,2.5488410929683596
71ec5988-bf84-43b3-8378-4b2074f1fbc0,2b648323-c36f-4d40-a568-1b308a23e4fb,1099099.202652812,1099099.302047888,1099101.311775081,672,200,0.09939507604576647,2.009727193042636
2b71e7ab-083e-4ff1-bd2e-39aaeaeb5b35,b654d5e6-e3eb-4dbc-aa01-60dee8fba52e,1099099.202622496,1099099.371584962,1099101.355775412,2889,200,0.1689624658320099,1.9841904500499368
f0122126-723d-4448-83f0-acfb03986de2,abc0c6cc-0bfe-4666-83e8-64b03ca4efa9,1099099.202640745,1099099.360161859,1099101.421896261,2792,200,0.15752111398614943,2.061734401853755
0941949a-0d78-4ad3-8a1e-75bbb18f208a,016dd4b2-29b2-4b1e-8e7a-9002ec0e19e8,1099099.202650583,1099099.3276623392,1099101.514248528,1864,200,0.12501175608485937,2.1865861888509244
a6ffa5d1-a04a-4248-8ea6-60da1c3080eb,f4288e8a-c8ba-470c-896d-085c2d99d96a,1099099.202634632,1099099.29062414,1099101.56972633,801,200,0.0879895081743598,2.2791021899320185
ec75c1ec-4280-4051-96ec-5fc63fdcf32d,586ddd63-a522-48ce-ae0d-777af55d3cac,1099100.202648759,1099100.526324336,1099101.6011922958,6361,82,0.32367557706311345,1.0748679598327726
b652e2dd-3440-4d86-9090-1ee49195413d,61aaf7d9-5163-47db-a2f7-a5dfc87dc710,1099099.20265519,1099099.4417059799,1099101.672837745,4404,200,0.23905078996904194,2.231131765060127
b4a2d569-07b3-4837-b0a5-248310e5e6ec,99739e4b-0948-421b-91a7-a3c430be6f19,1099099.202648589,1099099.3026639288,1099101.7465405958,1403,200,0.10001533990725875,2.4438766669481993
f48feb34-8dce-4a69-b842-83ca67b78407,9e3c8867-59dc-4f49-8675-cc60714855dc,1099101.203420638,1099101.375365779,1099101.856595348,3708,32,0.17194514092989266,0.48122956906445324
d8bea871-d9e9-40ea-8fe6-36a9168e02e1,77e4d1e2-9eab-4ec9-8690-2163ba744ae1,1099099.202638213,1099099.4842254939,1099101.98478464,3794,200,0.28158728079870343,2.500559146050364
76bb4e79-505a-4fd4-8f39-8d6969a120df,384c381c-9e43-46bc-ae6e-f423ed8194ee,1099099.202643334,1099099.696677257,1099102.152157405,5441,200,0.49403392313979566,2.455480147851631
5bb87d18-521a-4010-a39d-bb456ea78c4a,6a0f8598-e547-4e24-8413-65bc893e194c,1099100.202654639,1099100.26798415,1099102.493811124,940,200,0.0653295109514147,2.225826974026859
e785720b-1f32-4e94-8de9-1027008f7197,12ed77b0-f0e1-4d6e-912d-ddc62a0ba391,1099102.203175514,1099102.291154465,1099102.541027776,6318,18,0.0879789509344846,0.24987331102602184
f29748fb-237f-49fc-a8f8-4fa38ce89160,0ea7eebf-4e91-49b7-886d-7fde689bef99,1099100.202652115,1099100.368263091,1099102.55125082,3120,200,0.16561097605153918,2.182987729087472
f16cff1a-c360-452f-ac53-bc6a891baacf,26c258a6-5b59-44bd-b849-a28547921f76,1099100.20265695,1099100.548882362,1099102.5840387112,6450,200,0.3462254118639976,2.035156349185854
c9f4ee63-13b0-433d-945e-61eda973fdb1,b4c5b5ea-ee65-4239-bc1f-6b1f8a4f5a2a,1099101.203412113,1099101.258611012,1099103.297639086,840,200,0.05519889900460839,2.03902807389386
3a0792eb-142b-486b-90ea-4b0ab2a1722c,92dcd987-4459-4c21-98a5-5129ac92bc66,1099101.203389024,1099101.4627357149,1099103.3368427188,4955,200,0.25934669096022844,1.874107003910467
deeee5ef-12cc-4a35-a0fd-127ddaac754a,d6c6ecce-7613-4cc5-89c7-46de6050a111,1099101.203415627,1099101.27925581,1099103.470422418,1060,200,0.07584018306806684,2.1911666081286967
e107d864-9851-4cb1-9c81-3358d15c4d2a,6badb635-12b1-45cb-9019-63670c999c17,1099101.203418338,1099101.392101522,1099103.580765148,3675,200,0.18868318409658968,2.1886636258568615
ccbd52a0-e42b-4adf-b540-0ff250d8d43a,10a77566-30c0-4a98-b443-a2bb542d4dba,1099103.203364107,1099103.418591985,1099103.685759122,4809,26,0.2152278779540211,0.26716713700443506
49e1b16d-222f-4e35-8324-775720467e78,ea672ecc-82bf-4d92-96e4-b9c2c87a2418,1099101.203422673,1099101.4853075922,1099103.7028576431,5956,200,0.2818849191535264,2.217550050932914
18107252-84b2-4436-8cb7-57a9ba8232dd,41d72990-c4f9-4f15-a3a5-0d6b55ca3bc4,1099102.203178336,1099102.267337129,1099104.2960172088,880,200,0.06415879307314754,2.028680079849437
24e7ed66-1105-4ce6-9132-b1723c1ccdd2,30910795-649d-4c33-afd7-634035edf721,1099102.203180875,1099102.2845226529,1099104.375755075,765,200,0.08134177792817354,2.0912324220407754
c63cd7ce-c3ab-4e61-b378-24ebfa101456,e2bb5c6d-8f13-4395-8e28-67275d11e72f,1099102.203172187,1099102.409472802,1099104.430501225,4093,200,0.2063006148673594,2.0210284229833633
01abeb4b-466b-4374-9dd3-64abb9a2ea43,df0f9f8a-9867-430c-98ce-3f30f838e161,1099102.203183158,1099102.4541803922,1099104.677696269,5971,200,0.25099723413586617,2.2235158768016845
d6e72d29-3cc0-4d77-bd8a-c878c6035b3b,83bb93d5-935c-47c5-ad10-6b74cc73f69a,1099102.203161135,1099102.4731462281,1099104.720206771,5742,200,0.2699850930366665,2.2470605429261923
18cc40ae-add9-4571-9b7f-36342821fa95,804b8669-7bd9-41ef-94fe-2ae1da627a93,1099103.203378221,1099103.527661256,1099105.662159712,6917,200,0.3242830350063741,2.1344984560273588
4ffdbf4e-4629-4696-90b9-929c2c16942a,edf00561-d5fd-43db-891d-a57747fab3fc,1099105.202655108,1099105.471863888,1099105.831917777,6155,27,0.2692087800242007,0.3600538889877498
5ba0b6a6-8a0c-4dd9-9f75-113f7befb446,c3ce244b-c729-4d19-9eca-771462a7d8ff,1099104.203680031,1099104.3568779582,1099106.086252904,3061,173,0.15319792716763914,1.7293749458622187
0f3c3590-881b-4769-83cc-f919546946b2,b1506650-c796-427f-84ec-42b45a69bfd0,1099104.203671045,1099104.297129989,1099106.4772563078,1712,200,0.09345894400030375,2.180126318940893
ee7effad-bc9e-4d27-bb4f-078f3c44e5eb,df831d09-321b-4ae9-9739-8a1cee2e855a,1099104.203674312,1099104.488951821,1099106.51300541,6153,200,0.2852775091305375,2.024053588975221
14709752-e325-4f64-866f-ae5f6916caa4,8a111b60-2340-4df0-891d-81e653adc99d,1099104.203659553,1099104.4784539079,1099106.540327133,6105,200,0.27479435480199754,2.061873225029558
b2add0a8-4684-4b96-9291-248e52a423e2,39ab0541-81ed-4fce-99b0-095de4cec58b,1099106.20268447,1099106.4148926642,1099106.663483215,4694,31,0.21220819419249892,0.24859055085107684
f445de53-aea4-4080-a4d6-af52101266eb,799c1417-591d-41ce-b052-4d152da895db,1099104.203677407,1099104.480214786,1099106.812721009,6225,200,0.27653737901709974,2.3325062228832394
50160e27-544d-4aec-a5d5-7ff42a05fbc8,2e90c9d3-0cc0-431a-a190-712898af6e66,1099106.202666302,1099106.487693505,1099106.9307196098,5615,39,0.2850272029172629,0.44302610494196415
e61b5a7c-ea6e-4c40-b672-6520ba9dadba,d0e91c45-b812-4570-8897-580d82fac103,1099105.202651215,1099105.4964804552,1099107.4635945032,6107,200,0.29382924013771117,1.9671140480786562
540e9a6f-5e82-4d37-8aae-966a885bb2df,893d54fb-c8cf-4265-b0f0-731eb46f056f,1099105.202657479,1099105.5809945532,1099107.592054926,6112,200,0.3783370740711689,2.011060372926295
49d696a0-6e58-479a-acee-adedff679b73,d6e42e4d-4caf-4c43-b542-af920a9f2350,1099105.202639498,1099105.372399636,1099107.768145424,3834,200,0.16976013802923262,2.3957457880023867
d07f6c1d-a741-4d87-93c8-fd6a4a57cf07,6462a983-2af7-4433-ad5e-c2a356caa285,1099106.202671562,1099106.308288047,1099108.2336558811,1255,200,0.10561648500151932,1.925367834046483
5c2cc18d-3708-4304-a777-49771be959ef,933f3928-c5bd-436c-b052-8afb0bd75fd0,1099106.202660235,1099106.4289181482,1099108.3681191271,3642,200,0.2262579130474478,1.9392009789589792
936e37d7-473f-480d-a08b-cf8eff422c25,067c23e7-4153-4362-990f-0e4ae9fd98ab,1099106.202680405,1099106.3926431881,1099108.3987458372,4100,200,0.1899627831298858,2.0061026490293443
87157e6e-a277-4aa4-82d4-4ddce7166714,80054dbf-463c-40e8-8df3-863c643bb1d5,1099106.202642497,1099106.4106791147,1099108.5123694688,4394,200,0.20803661784157157,2.101690354058519
0d01c65d-f9e8-4fa7-b1d7-890624a01f59,4605532e-01fb-47f9-adba-e8a42434e6e4,1099106.202675937,1099106.30206707,1099108.7139952162,1696,200,0.0993911330588162,2.411928146146238
03957249-2992-4847-8456-754edf8e830b,f554436d-1d1b-47f3-a997-b59b79320c86,1099108.203022929,1099108.455583813,1099109.1687769277,6059,62,0.2525608839932829,0.7131931148469448
0a3342e2-a47f-49b0-ac29-170d14fac9ba,5f121c84-8232-44fe-909c-9a69fa9fdc9b,1099107.203462385,1099107.335109855,1099109.3598870852,2822,200,0.13164746994152665,2.024777230108157
6b6fc1bc-dc23-4c83-9dbf-306d62092141,02fdc58c-4081-4c4f-b08f-be89fc1991ff,1099109.203035666,1099109.32599574,1099109.801172864,2899,46,0.12296007410623133,0.47517712390981615
174ca7ef-4313-4cec-8bf5-3c3812c89641,2a1bf603-2bcc-4001-9fbd-8c61855c48e1,1099107.203487998,1099107.50610554,1099109.9497700362,6906,200,0.30261754197999835,2.4436644960660487
5c47eed3-fa52-421d-b468-80bcb8b931f0,69adc9c9-2273-43eb-a23c-a4efe562816a,1099108.203038264,1099108.2560380332,1099110.051614436,1069,167,0.052999769104644656,1.7955764029175043
e60ae1d6-14bf-481a-8e73-0365b312aa43,92e9c4f3-5a88-45b5-bba4-0d7a61180e52,1099108.203035044,1099108.519339654,1099111.040359875,6460,200,0.3163046098779887,2.5210202210582793
192503ee-b45a-4dd4-b6b0-35bbb0cd83da,c042296f-1f45-4a47-8fd6-d3a427bbfd9a,1099110.203476976,1099110.870989495,1099111.117016551,5917,18,0.6675125190522522,0.24602705612778664
8ec1491d-654f-4af9-a75e-e5b0d8e77945,23ee0cbe-2b7a-408b-9469-e2b3dc42f35f,1099110.203534735,1099110.66740199,1099111.1193271698,6219,39,0.46386725502088666,0.4519251799210906
9435e816-c962-4c9c-884b-ef36c53850c0,50febabb-892c-4a87-b8cf-3f82b8fdd573,1099110.203528273,1099110.8368724028,1099111.2557626248,6535,29,0.6333441298920661,0.41889022197574377
3d5b17a4-d7f3-4ebe-9343-31e43db8b580,79555c7b-a7d6-4507-9ba7-d84dc5f17364,1099109.203046949,1099109.336291642,1099111.538416177,2821,194,0.13324469281360507,2.2021245351061225
8d40b98a-8c17-4e4f-90b1-119de546f54f,33dc18f9-e1dd-4050-ba46-e0d05a421864,1099110.203495727,1099110.650834097,1099111.7455022929,3580,84,0.4473383701406419,1.094668195815757
17b83580-352e-4c78-a047-6d4b36a76f66,11a4e14b-d6c9-4235-a9bf-b4929896ec16,1099109.203050175,1099109.5098207712,1099112.111632856,6365,200,0.30677059618756175,2.6018120849039406
764dfb7c-f796-4b66-a969-c4988265d5b9,abc0c6cc-0bfe-4666-83e8-64b03ca4efa9,1099110.203508964,1099110.4036141771,1099112.139502783,2862,160,0.2001052130945027,1.7358886059373617
264fa9b1-3019-414d-8b2c-3f1da22d506e,6ea89213-a24b-4e04-9166-3ae74526c64a,1099110.203443867,1099110.295205992,1099112.6192133129,1335,200,0.09176212502643466,2.32400732091628
0555c65f-32e7-4b40-b40e-b99c55bc5657,7ad2aea5-c86b-4155-9a3b-4b2ea0397338,1099112.203520658,1099112.417090613,1099112.7594069098,3326,27,0.2135699549689889,0.3423162968829274
f2274fa9-ef01-4f18-a357-8826d70533c0,e0272631-07dc-4f1b-b5ab-7f974c0e6139,1099110.203502164,1099110.682882912,1099112.842362378,4613,200,0.4793807480018586,2.1594794660340995
62462292-ebcd-451b-8fc9-e13956e94dc2,2aacea92-7898-4f60-9526-e7a073521d56,1099110.203540849,1099110.4987274222,1099112.841548206,5420,200,0.2951865731738508,2.3428207838442177
be779b8f-b279-4770-89b6-a2a537ead561,624225ef-629e-463c-88fa-426505dea49e,1099110.203521818,1099110.738583135,1099112.849151284,6408,200,0.5350613170303404,2.1105681490153074
31b48ea9-a248-40c3-86c6-a68f526a3dd5,c7344d02-17ce-4505-8d92-ada61240d9c1,1099110.203468153,1099110.4409746472,1099112.900028707,3193,200,0.23750649415887892,2.4590540598146617
e24d0d4d-d58e-422d-92fe-0403a320d024,25393e40-5018-4c88-bbfc-16af8222a20f,1099110.203489398,1099110.5298767057,1099113.1488801138,6397,200,0.3263873078394681,2.6190034081228077
88aa4042-45c5-433c-83ec-3821683a92db,64067c58-b338-48a4-85e4-99a236b0af21,1099111.202787629,1099111.2821834262,1099113.256094078,786,200,0.07939579710364342,1.9739106518682092
d289c7e1-9222-4a26-b23e-14eeb2518977,33cf4974-3a90-4987-86e1-7c8c5d8040df,1099111.202796612,1099111.342236151,1099113.2621022088,2167,200,0.13943953905254602,1.919866057811305
579050a7-23c0-4f3c-9e45-ae2b0744c11a,52377bb8-f78a-45ab-8e51-d46ef232477d,1099110.203483656,1099110.7880320281,1099113.3422889262,6285,200,0.5845483720768243,2.554256898118183
88ad778d-ed2b-4ef1-87c3-5af326f8ab82,ceefa533-f37a-4408-af9f-4ed7830209c4,1099110.203515457,1099110.9135334971,1099113.549075135,6400,200,0.7100180401466787,2.635541637893766
b9923ba6-f18f-4777-96ca-89f0bbdd1eba,83b87dad-7d4a-4b0a-b4dc-3dc07570827f,1099111.202791022,1099111.297747294,1099113.572017764,1875,200,0.09495627204887569,2.2742704700212926
89b3f90e-cb16-4b65-93d0-9775dfe4da1d,10678ac7-e4b4-4f19-ab04-5d834f4a91ae,1099111.202793814,1099111.437577164,1099113.8016914672,2417,200,0.23478335002437234,2.3641143031418324
5d24d99e-604f-4fd9-9f3a-5ea78cda649f,dd2b277d-7320-4529-bb10-09e0e4b25d8f,1099111.202776256,1099111.551338489,1099114.164976926,6311,200,0.3485622329171747,2.613638437120244
fe0bff98-4457-4d45-a147-775289a0f360,a5fcfe4e-eb51-4ac0-b8bc-d87496e3d9cb,1099112.203517576,1099112.360350326,1099114.782209899,2286,200,0.15683274995535612,2.421859573107213
1f492ed5-7c20-4127-b1b9-64fdbdeb012b,5e0b58d3-c006-4a2c-a6cd-a016092a16a8,1099112.20352293,1099112.589636955,1099114.8435698338,6189,200,0.38611402502283454,2.2539328788407147
2cc98496-8833-489d-bad0-825f958377aa,161520fe-b2a7-4765-9cec-8d3bd6da2327,1099112.203525263,1099112.717752273,1099115.005309893,4188,174,0.5142270100768656,2.287557620089501
4492d75a-54d2-47a0-9df2-e28492d8c6bf,db7e9f5d-8a61-4add-b03f-97cfb3b8ea31,1099112.203507069,1099112.335518187,1099115.008968781,2235,200,0.1320111178793013,2.673450594069436
ddf0eb67-48e7-4397-ae24-0baae7c4f284,2c6e08f1-87b6-450e-a518-3a26ca1469a8,1099112.203529689,1099112.691769863,1099115.0405927598,4359,200,0.4882401740178466,2.348822896834463
3e0b0ceb-bb0a-4b59-8680-be28121036a9,e827bcdc-4d52-47f9-b3c6-64cb5b723399,1099113.203407013,1099113.353059989,1099115.069757784,3127,200,0.14965297584421933,1.7166977950837463
e69f1910-fef7-4664-b5ae-998101775a2d,572c2839-ba50-43b8-b7b0-0bf23c8d57dd,1099112.203527417,1099112.860971058,1099115.1879615951,5789,200,0.6574436409864575,2.3269905371125787
b68bf6ca-b538-47dd-bd5e-f213083bb4ac,ad6e0805-854b-4ad4-b718-81d6c8218f27,1099113.203401204,1099113.54683114,1099115.245360588,5030,151,0.3434299360960722,1.6985294478945434
6996c506-4d59-4b36-a7f6-e102f711bd95,d15044b7-c396-404e-998e-93e71a743f28,1099113.20341366,1099113.422074959,1099115.557613005,2519,200,0.21866129897534847,2.1355380460154265
4325f393-6dc0-431c-a05b-843e247b8bd8,a24e58f2-2110-4c13-b7a6-ccba1267dbc0,1099113.203409293,1099113.385187618,1099115.6560427719,3224,200,0.18177832500077784,2.2708551539108157
a61cdba4-e2f6-4311-9138-dd95cd313d56,d846d4b2-4867-4720-9892-d49f8c7696e6,1099113.203411751,1099113.35146857,1099115.720524131,2068,200,0.1480568191036582,2.369055561022833
63cad43d-4d65-4814-9feb-59bb5ff7724c,8152b1f1-7dee-46bb-b519-7a1651a49de4,1099113.203389598,1099113.580899996,1099115.908404015,6975,200,0.3775103979278356,2.3275040190201253
2ebe9990-43c9-473d-bede-fd16cf4b4a83,81f274fb-2e6f-430c-bca5-cbd3ec69d401,1099113.203404549,1099113.7559118262,1099115.96985089,6347,200,0.5525072771124542,2.2139390639495105
7893ae2c-4830-4e78-a694-90473d0b6178,e89d00a2-aef6-4faf-a8f6-58052acdc0b2,1099114.202517058,1099114.436413951,1099116.1163913428,4930,159,0.2338968929834664,1.679977391846478
5c1d8f3a-5439-437c-bb34-b8325e8ef15c,5dd975b0-30ab-46b6-96e0-39b315e33c7d,1099114.2025051,1099114.454564162,1099116.777808268,5788,200,0.25205906201153994,2.3232441060245037
83900677-ba55-4c88-b0d4-8d36cc72f25c,799e20b1-36a1-4282-9d47-3faabcc08648,1099116.202661578,1099116.656552568,1099116.800440677,6453,18,0.45389099000021815,0.14388810889795423
b1dfcb01-4ab0-432d-9990-152c93bc0b99,3467dee3-2b4a-4201-afb4-3a253af3f2f2,1099115.202653058,1099115.230834359,1099117.0629174232,455,200,0.028181300964206457,1.8320830641314387
6dc423a6-ce77-4f8c-92ef-67fe84547651,e4e2e608-ce54-4ee6-8651-29dcfd54dc86,1099115.2026378,1099115.27933449,1099117.3217956459,1440,200,0.07669668993912637,2.04246115591377
52d9e610-af0f-4625-8c28-d7d1e485f90d,e7803957-8926-462a-a31e-30cdb1c9ec2d,1099117.202946205,1099117.4128541998,1099118.1656912018,3828,71,0.20990799483843148,0.7528370020445436
fe23609e-5e91-4314-852d-e20aad936d7c,0e78f555-d2c5-4fe2-81d1-9a7530f75bf4,1099116.202663966,1099116.37123264,1099118.324527813,3452,200,0.16856867400929332,1.9532951728906482
4a05f318-9267-4b50-8ac6-bfa252131ecc,855db15a-64ae-4b1f-a52e-cfbf6248599a,1099116.202644124,1099116.353140463,1099118.4041706799,3148,200,0.15049633895978332,2.0510302169714123
cdcb74e2-822c-46a8-ba9e-5c0c0e6addeb,5feecc80-78cc-489f-a6b9-84a83af8bc36,1099116.202655318,1099116.530399325,1099118.786801585,6427,200,0.3277440071105957,2.2564022599253803
ce316ca7-8db3-46fe-8e55-4efc56fe0e2a,01d20233-ba05-4142-a870-402681c0fb91,1099116.202666218,1099116.456957848,1099118.82788419,5399,200,0.25429163011722267,2.370926341973245
38cdcd84-bb76-428c-a6af-0c33f2fdb47a,0691447b-4b91-4b36-9c39-fd2b25d1d966,1099116.202658943,1099116.632859866,1099118.849055018,6922,200,0.4302009230013937,2.216195152141154
b1b6496b-4542-4a67-9ee8-53335216a0df,13c8030e-be08-44bc-b1d5-1304416e7a6e,1099116.202668866,1099116.7988895618,1099118.9523481259,5974,200,0.5962206958793104,2.1534585640765727
f0e81008-4954-4d84-8c47-4ceb4bdc6af0,d99bd3a4-aa98-4081-914d-d5fe46dea9f9,1099117.202931251,1099117.341507224,1099119.375464036,2376,200,0.13857597298920155,2.033956811996177
3eefead5-5360-47c0-b33d-02ff856c0a04,c2cbe9ac-84ba-4ba4-8d9c-43c03e1b96e7,1099117.202951044,1099117.572769357,1099119.686583857,5778,200,0.3698183128144592,2.1138145001605153
00708f9c-3747-4dfd-a8ca-e19a8a964622,12aae71a-3e0d-4bf5-90fb-76d1a7c353ae,1099117.202948994,1099117.753281984,1099119.8814429932,5709,200,0.5503329900093377,2.1281610091682523
b48d4c63-08e5-4a60-8d95-767ab9231ab6,3cacc107-dca1-4afb-b1b9-2f813f74eb3e,1099117.202942697,1099117.868711898,1099120.057333854,6035,192,0.6657692010048777,2.188621955923736
bf4a001b-1436-457b-8a89-6522cf98c69d,d81300c0-9e09-45d8-84f5-e342f80ca6d0,1099119.203206763,1099119.267648819,1099120.1870058489,1406,90,0.06444205599837005,0.9193570299539715
68f523dd-b1e5-44d5-9ea5-37a670e5b127,9f6f2f4f-8298-4179-8389-d9490b4f24b1,1099118.202708527,1099118.500241596,1099120.532014836,6277,200,0.29753306903876364,2.0317732400726527
a066a059-e555-45ea-992d-519ef7dbd0bc,a1329327-31f8-4e0e-8c96-d4c38c61242d,1099120.203345176,1099120.334325828,1099120.769727191,2258,41,0.13098065182566643,0.4354013630654663
2a347141-f4eb-428c-accf-b9038be5a5a9,dcff9a1f-a60c-4377-8789-154950a7f139,1099118.202697852,1099118.628955182,1099120.8054567259,6150,200,0.42625732999294996,2.1765015439596027
bfbb9408-b022-4257-8246-4fe38df4f580,2eef5030-8e4f-48f7-87c0-c4672c479dbb,1099120.20335179,1099120.5899174581,1099120.9322635531,6354,42,0.38656566804274917,0.3423460950143635
22204887-ea29-4afd-9438-de39f7a2e89e,c11b2f2c-9092-45e8-ae60-7c8dc222703b,1099120.203320228,1099120.5067732888,1099121.501308769,6146,62,0.303453060798347,0.9945354801602662
b9b31012-bf41-476b-884e-747f82a2feb8,b87d1b47-75a0-4129-8580-a96e0868928f,1099120.203358276,1099120.487067229,1099121.496843,6173,72,0.2837089530657977,1.0097757708281279
d0319c5d-ae09-463a-92f2-36283224b241,bfa767e2-3dd3-462a-8100-22c9a1611ab7,1099119.203192818,1099119.36414262,1099121.5033443621,1890,200,0.1609498020261526,2.139201742131263
2091f563-04a8-4daf-ad53-b06454c0cdb4,7981de4b-b38c-4779-9333-92692204b4e4,1099120.203340188,1099120.319206521,1099122.353126391,2073,200,0.11586633301340044,2.033919870154932
1586dc98-9d4a-484a-ad60-a28e73068735,c345f567-40a1-40e3-a7db-ec4eebc90342,1099120.203348658,1099120.372348405,1099122.410106537,2019,200,0.1689997469075024,2.0377581319771707
efd53413-a2d2-483a-99bc-34329fb565fe,6fb0551f-4ff5-43b9-b3ce-5ed20bd3d658,1099120.203354994,1099120.420567038,1099122.588333895,4365,200,0.21721204393543303,2.1677668569609523
c8538b32-1468-43ef-a71c-e17acbe560da,384c381c-9e43-46bc-ae6e-f423ed8194ee,1099120.203361416,1099120.616035213,1099122.7533001548,5441,200,0.412673796992749,2.137264941819012
85686c49-ba90-4fb6-94c8-c8f77bccfa91,a38cc03c-0c15-4c65-b327-0a790b0f3638,1099121.203192417,1099121.511202353,1099123.007679689,6417,129,0.3080099360086024,1.4964773359242827
dbee250b-7dae-4254-b4e7-3c23195b5caf,6788d54d-4159-4b04-b9ab-1d1eeea6d9b1,1099121.203206848,1099121.5330046108,1099123.4695876979,2170,200,0.32979776291176677,1.9365830870810896
32191056-f8df-4b6c-9c79-60acfd1542e3,21d6c7bf-0824-4d6c-ae87-342ca4d3bf10,1099121.203211658,1099121.809405715,1099123.830042983,5825,200,0.6061940570361912,2.020637267967686
02fd7c71-adc4-48fb-b8ab-3f54546a4ccb,22ad330a-90f5-4f19-8245-dae0d3c2f176,1099121.203233655,1099121.836353161,1099123.850135964,6569,200,0.6331195058301091,2.013782803202048
66031dfd-f7e8-4b9d-a3be-2625e31b7438,6f63a0ec-64b3-4d1a-9be0-a212dd89aac0,1099121.203230876,1099121.673106652,1099123.88666595,2809,200,0.4698757759761065,2.213559298077598
411a0f05-9f40-4c4d-ae7a-66806acc2778,10a77566-30c0-4a98-b443-a2bb542d4dba,1099123.202608796,1099123.713979953,1099123.919822888,5004,24,0.5113711568992585,0.20584293501451612
e39a0d42-e2d4-4630-9add-ce8c94cbeb45,ff957c9d-a716-4c43-bbb0-dee349a644f6,1099121.203225477,1099122.067065609,1099123.984617654,6269,200,0.8638401320204139,1.9175520450808108
06fcf0c4-f47d-42df-b6f4-be95594e476d,01580029-b853-4a73-96e9-198754e7c6cf,1099121.203218736,1099121.953535656,1099124.020386237,6422,200,0.7503169199917465,2.0668505809735507
2e2a7ce7-98c3-4ddb-9191-756441c7e904,452a745c-ac46-4f34-b215-56354ca1b125,1099121.203228085,1099121.7392064352,1099124.116392763,4459,200,0.5359783500898629,2.377186327939853
d6168efb-a2cd-4895-b207-dcf14e86f731,eac78716-775d-4fad-95de-28cdcbfe901d,1099121.20321539,1099121.754789551,1099124.141044742,4711,200,0.5515741610433906,2.386255190940574
6228e473-ef30-4af5-afe5-1d10f2b1b3fb,a49d24aa-32c1-4fd9-8039-e95dd8e8abd7,1099121.20322225,1099121.929383947,1099124.245496754,5869,200,0.7261616969481111,2.316112807020545
77ddb757-fcb8-4ed3-ad3e-e96572389208,46895bab-7df6-44fa-8603-fc2f9ac66342,1099122.20254796,1099122.410639759,1099124.289335538,4400,200,0.20809179893694818,1.8786957790143788
63e21aa3-ddb6-40bd-90bc-b9ff25f4e4bd,e4a9abbe-0d10-482c-9e14-ba6fe5099a3e,1099122.202537148,1099122.393610384,1099124.6969283891,4013,200,0.19107323605567217,2.303318005055189
03215f75-1ceb-48f8-912f-5cc43dbeb3ed,ddb1b982-2da3-4da3-a8e6-a3ce2b95f759,1099123.202596784,1099123.2557657722,1099125.1212686491,948,200,0.05316898808814585,1.8655028769280761
b46357a0-3aa3-4cd9-b777-23566b11f038,a37337b3-4345-44c2-99d0-bd4fa96c3614,1099123.202617458,1099123.44796082,1099125.3947924392,5241,186,0.2453433619812131,1.9468316191341728
8ecbfc32-4718-49c1-a05e-2fe5c3e709c7,37a01d59-0e82-4874-a0c6-e70aa5765dda,1099123.202612343,1099123.519957643,1099125.668209685,6366,200,0.3173452999908477,2.1482520420104265
883bc44c-6f9f-4504-88ca-1b74f26ab438,f68fd222-0137-4dff-931c-e9fcf351724a,1099125.20347933,1099125.4817116812,1099125.8854907681,6357,26,0.27823235117830336,0.4037790868896991
b3399a65-08e5-44c1-b64a-f81f6ca912f9,d0e91c45-b812-4570-8897-580d82fac103,1099124.202513897,1099124.4667256041,1099126.1960818071,6107,200,0.26421170704998076,1.7293562029954046
1a6d0190-7745-46b2-b8b7-21e143d70880,c0e273f1-c346-4c7f-ba9e-53a9c61c18c0,1099123.202615013,1099123.7789876282,1099126.406093897,5884,200,0.5763726150617003,2.627106268890202
857fbce5-67d6-45ee-820a-149ce529528e,c226d327-ec87-408c-844a-cb6a344c2aea,1099125.203519112,1099125.2592494471,1099126.623506596,745,132,0.055730335181578994,1.3642571489326656
97f6eaa1-ccfb-48da-9848-8086a2b9cb5b,19c30b89-49e6-4785-b4ec-da68e367d4ae,1099124.202530835,1099124.482355077,1099126.626770681,6440,200,0.27982424199581146,2.1444156039506197
69359110-4a38-4c84-965d-f53792c857d4,9079960d-2c5e-4892-b03f-4c965fd9712e,1099124.2025267,1099124.324883228,1099126.811268627,2717,200,0.12235652795061469,2.4863853990100324
83f57826-3f33-4e11-968a-9356e2da4434,eb8d5825-451b-48b5-839c-bd3f2e385b6a,1099126.202481185,1099126.501192012,1099127.1444909351,4647,69,0.298710827017203,0.6432989230379462
f8d30610-0070-42dd-8ea3-7c0541e47920,bdd764a1-f13b-4ef5-be66-457691858534,1099125.203514484,1099125.3415985908,1099127.216557399,2775,200,0.1380841068457812,1.874958808068186
95d492ef-4633-41cc-94dc-7876dc372a80,5b7afdee-bc23-4cea-8c95-ee1786504a83,1099125.203511161,1099125.4098319372,1099127.555001656,4115,200,0.20632077613845468,2.1451697188895196
5ab52a94-6329-4f03-a185-779494fa2c96,81342983-96cb-4edf-b41c-58479ba18f6d,1099125.203506933,1099125.2607592721,1099127.592351227,802,200,0.05725233908742666,2.331591954920441
60308bb3-43c4-48bf-b393-874d5903750d,26c258a6-5b59-44bd-b849-a28547921f76,1099125.20351688,1099125.520475439,1099127.979899961,6450,200,0.3169585589785129,2.459424522006884
a2c11212-9c78-42ef-9efe-20bf5959c829,f483dee7-275c-4181-9276-2967d4d6cbdd,1099126.202477355,1099126.310977793,1099128.373050848,1923,200,0.10850043804384768,2.0620730549562722
4fd5e289-cc0d-4e67-9ab7-a4dd73572c9d,bc1de8c2-a6ae-4eed-92df-8609cafce1c4,1099126.202465923,1099126.363007765,1099128.809170306,1787,200,0.1605418419931084,2.4461625409312546
15ac9a5b-8b43-4f3d-adb7-f06256d66d64,2b5bb3c9-4d36-4e8a-b052-54bcfbf3a086,1099127.203491327,1099127.6498472209,1099128.8368287198,6283,117,0.44635589397512376,1.1869814989622682
38b0a1da-904b-4006-a336-d7aa7e69c4cd,0136334d-367a-412e-a713-3b46dd3fbb28,1099128.203467623,1099128.4790459182,1099128.903833785,6236,42,0.27557829511351883,0.42478786688297987
88b1b226-ec23-4e73-84ad-62ad45d778cd,eee60849-6a21-4615-8b42-be632d4dfff0,1099126.202486023,1099126.813512254,1099129.007183805,6389,200,0.6110262309666723,2.193671551067382
881c897f-284d-4ef7-bc10-bae0ec3faf9e,583cbfc9-7618-498d-864b-dd180e9fa774,1099126.202483745,1099126.804710013,1099129.255618286,6401,200,0.6022262680344284,2.4509082729928195
ec78ab15-8da4-46cc-bb90-aa9275834097,2b648323-c36f-4d40-a568-1b308a23e4fb,1099128.203452824,1099128.249847299,1099129.956016916,672,200,0.04639447503723204,1.7061696171294898
86e470ab-bb88-4b48-89b9-cb5b6388091d,11ed2698-a70a-4704-b64c-933c1e3f5226,1099127.203478725,1099127.8623524308,1099130.0822102579,5924,200,0.6588737058918923,2.2198578270617872
02bf1e50-65de-4f5a-87a0-1f4064ad6fa2,016dd4b2-29b2-4b1e-8e7a-9002ec0e19e8,1099128.203476752,1099128.2991449158,1099130.7162531097,1864,200,0.09566816384904087,2.4171081939712167
935d2308-e6a3-4295-880f-31d1aaca3edc,e5f863e9-3a7b-4d7a-bdd2-60bc8ad6448d,1099129.203125452,1099129.813221186,1099130.855111507,6088,82,0.6100957340095192,1.041890321066603
d990e0fc-1898-42e5-b18a-df8196f92fef,abc0c6cc-0bfe-4666-83e8-64b03ca4efa9,1099130.202692588,1099130.393857737,1099130.9610183751,2948,44,0.1911651489790529,0.5671606380492449
78a981ea-d25c-459d-90a4-b2d2c5a037ba,df0f9f8a-9867-430c-98ce-3f30f838e161,1099128.203472947,1099128.7230288729,1099131.0461464229,5900,200,0.5195559258572757,2.323117549996823
d285469c-5e22-4ea9-ad30-808e8e0cb12e,c7344d02-17ce-4505-8d92-ada61240d9c1,1099129.203109354,1099129.3670683932,1099131.853066114,3173,200,0.16395903914235532,2.485997720854357
11a97d15-e0cc-4a93-b1b0-512832fda2be,370e9c6e-76c4-4f5f-94a2-56eda56ca89b,1099131.202578181,1099131.3219825288,1099132.0271982139,2220,69,0.11940434784628451,0.705215685069561
4a069971-9ed7-4343-a3f8-9b7f4da39542,e6b5aa5a-f8c4-40a5-83af-81b226cb08c3,1099129.203122028,1099129.4993412788,1099132.122585686,6079,200,0.2962192508857697,2.623244407121092
616ce977-3d96-4c9e-82b9-a11b886353b5,d24c0cc3-a163-4cd4-9cf2-de41d5c96f4a,1099130.202689536,1099130.357024788,1099132.254911222,1981,200,0.15433525200933218,1.8978864341042936
7b5f55b6-74fc-4919-910a-6970b30ec3e3,70efcdcf-b43e-4fea-9b8e-1b80008b762c,1099130.202698335,1099130.35581625,1099132.408180685,2477,200,0.15311791491694748,2.0523644350469112
85ebb99d-f5da-49ca-be1f-0e49430b1121,b0504ddd-048b-41e3-b755-077cdf863893,1099130.202671333,1099130.51509682,1099132.555562192,6338,200,0.3124254869762808,2.0404653721489012
d7744893-b699-476f-aa47-f88bccebcff4,21aff5d2-52eb-4393-97d6-cc63d6a99afd,1099130.202685464,1099130.915760642,1099132.813267174,6254,195,0.7130751779768616,1.8975065320264548
689d481f-6d8d-46d0-84df-f02e97ff1552,c042296f-1f45-4a47-8fd6-d3a427bbfd9a,1099130.202695314,1099130.584910476,1099132.983037378,5956,200,0.38221516204066575,2.39812690182589
6decab90-2981-4d3a-8967-62f71ec65a2a,52b8d013-981a-41d3-8520-eb23e5010775,1099131.202614566,1099131.744004129,1099133.020326871,6315,109,0.5413895628880709,1.2763227419927716
f78f6690-0092-4ecc-ac2a-b3fa21a11369,6a0f8598-e547-4e24-8413-65bc893e194c,1099131.202603418,1099131.278751748,1099133.232580547,1112,200,0.0761483300011605,1.953828799072653
80c39664-cfd6-40e4-829b-85c8772e1731,8171fb88-1e6f-49a9-ab54-976103cd97e5,1099131.202608798,1099131.3782406768,1099133.3334988789,2662,200,0.17563187889754772,1.955258202040568
6a6a760a-1267-49fb-81e5-25fae816fe45,f8ab9d2b-deca-482c-8981-3b28f5058d06,1099131.202606026,1099131.493059151,1099133.4106466873,4646,200,0.2904531250242144,1.9175875361543149
8828e211-3e84-4ff4-a1a9-538cb7b0a199,518da9d9-bd7e-4178-ad6c-3f0c271aa0a4,1099131.202597685,1099131.282497534,1099133.42316935,909,200,0.07989984913729131,2.1406718159560114
893570a3-859c-42d1-a9ee-e3f8d99e5e92,6114f2e9-4693-488e-9dbb-a470b56d0719,1099131.202593266,1099131.508734722,1099133.480783725,5963,156,0.3061414558906108,1.9720490030013025
4bb6ab3a-c743-42ff-8e46-e8c5f35b3aee,f27570f5-c473-4259-ba07-f87fff5089de,1099131.202611688,1099131.350306776,1099133.568228819,1633,200,0.1476950878277421,2.217922043055296
87b8fc75-72f1-4d28-90b3-44c0a88059b5,a4f8e498-bdbe-4f0b-a1e1-8b71d9e4a707,1099131.202600743,1099131.5036257328,1099133.720611763,6464,200,0.30102498992346227,2.216986030107364
9d7f8790-3c56-4fdd-8608-a83ebbeb9bb4,99bfa5b8-81b7-48c0-a8d6-629e60885c21,1099131.202617251,1099131.510298717,1099133.9029240212,6619,200,0.3076814659871161,2.3926253041718155
f94068fc-c0b1-4fe4-87d5-77ed1388e367,2c717881-9558-48a1-a0f7-0e9143a28634,1099131.20261987,1099131.756751271,1099134.092584069,6314,200,0.5541314010042697,2.335832797922194
b34a46b2-0b4e-43e2-9701-d10cadf7a0e0,67758644-12b8-4d98-b640-a9e8ac069351,1099132.20269451,1099132.2534997172,1099134.3112102542,726,200,0.050805207109078765,2.057710536988452
88f9e7f5-1e80-4154-bbe6-c1a919ad72c8,db0d8031-9380-4fe2-8061-0b305834b36e,1099132.20269755,1099132.266817783,1099134.684537679,671,200,0.06412023305892944,2.41771989595145
4aa5e81d-fb30-4411-aaf9-0f38a5215f88,b9128bf0-2636-4290-afce-cc0c01a9a3d0,1099132.202683631,1099132.45758351,1099134.832174705,5783,200,0.25489987898617983,2.37459119502455
6444f7dc-c913-43a4-aae3-e1502950c291,39ab0541-81ed-4fce-99b0-095de4cec58b,1099134.202628655,1099134.676926463,1099134.921573682,4883,35,0.4742978080175817,0.2446472190786153
0f215a11-6025-4ece-a3a3-90a8a922d17b,5fcd7bbd-da7e-4afa-95ef-18c316df5c14,1099134.202626426,1099134.666795572,1099135.086391024,6396,27,0.464169146027416,0.4195954520255327
e104b681-7655-4ae8-addd-43c8be17c2b7,9e3c8867-59dc-4f49-8675-cc60714855dc,1099133.20261355,1099133.482664586,1099135.241930491,3699,165,0.2800510360393673,1.759265905013308
5fd15e1d-7dab-4732-9875-c52d7336f918,e7803957-8926-462a-a31e-30cdb1c9ec2d,1099133.202619719,1099133.385376956,1099135.473452512,3802,200,0.18275723699480295,2.0880755558609962
7b3b4ac3-4b62-49ef-9eb1-aa66fc87945f,df0a35f9-6001-4df7-9553-17f2347760bb,1099133.202603118,1099133.581211253,1099135.614208408,5231,200,0.37860813504084945,2.0329971548635513
27af168f-7856-4c52-85da-87318c62f3d0,41353917-ac7b-4377-8f57-59434d539259,1099133.202623716,1099133.297027751,1099135.7153653672,1130,200,0.0944040350150317,2.4183376161381602
b607f054-7f67-41f5-9549-62fa0d5fe809,09329235-b77c-4c42-adf4-ff1827d1d710,1099133.202621899,1099133.514177344,1099135.807564343,6294,200,0.31155544496141374,2.293386999052018
eb4b9bba-c711-45eb-8734-2b85980fe5fc,d6e42e4d-4caf-4c43-b542-af920a9f2350,1099133.202616969,1099133.4103600117,1099135.9221264129,4094,200,0.20774304284714162,2.51176640111953
03ed8d9a-78d6-497b-83c5-eaf4a7e20208,83bb93d5-935c-47c5-ad10-6b74cc73f69a,1099134.202624155,1099134.840935108,1099136.100004428,5906,132,0.6383109530434012,1.2590693200472742
c0442681-2d6f-4fc8-b2c8-77348956d7ea,39dc9061-e502-4946-a915-02a337fe480e,1099134.202607006,1099134.394096371,1099136.290545104,3340,200,0.19148936495184898,1.8964487330522388
16e86db7-fe67-44b2-bbf4-2f4e3cfae090,c5e80430-d231-4b4b-ba36-b8fdc718933a,1099134.202630658,1099134.357345423,1099136.604452673,2405,200,0.1547147650271654,2.247107250150293
08143b4f-2309-4b00-a656-434160590604,346884c6-d766-4ec5-aa72-7b2d60af0395,1099134.202621448,1099134.665340373,1099136.781400945,6598,200,0.46271892497316003,2.1160605719778687
96f6bfb3-cfe1-4c3c-a22c-8ba390566934,161520fe-b2a7-4765-9cec-8d3bd6da2327,1099136.202839843,1099136.607683633,1099137.012822898,4425,26,0.40484378999099135,0.40513926511630416
2acc2618-b63f-4af7-80a1-e3c5c62780d7,8094c720-081f-4a98-aca9-d83abaec4c87,1099134.202618299,1099134.36127227,1099137.0874011721,2271,200,0.1586539710406214,2.7261289020534605
c09fb939-f385-4a07-9569-c5a731cf2ec8,30910795-649d-4c33-afd7-634035edf721,1099135.202986639,1099135.2782241679,1099137.310345606,765,200,0.07523752888664603,2.0321214380674064
4876ed58-67a1-49d9-be8f-f9e21abb4aa4,47655980-12c4-4dd9-9ee0-ecc634eaf4db,1099135.202980169,1099135.2518903522,1099137.539091353,598,200,0.04891018313355744,2.287201000843197
9e050f5f-3b37-417f-8f55-6287803bad42,6d6afd5b-1a5c-44f8-acab-1571e66ccb96,1099135.202967306,1099135.361746735,1099137.701080974,3368,200,0.15877942903898656,2.339334239019081
59733925-1444-4aa9-9969-bdb7370206b1,02fdc58c-4081-4c4f-b08f-be89fc1991ff,1099137.202692149,1099137.351508875,1099137.88284734,2903,53,0.1488167259376496,0.5313384651672095
3f839cc1-5237-4f77-87e5-e88a30659186,ad6e0805-854b-4ad4-b718-81d6c8218f27,1099135.202983931,1099135.6347300578,1099138.046014879,4922,200,0.43174612685106695,2.4112848211079836
6774b38e-12eb-4446-9250-81bb3bf8d4e2,c174f84e-239e-4505-9877-710ea1e1aa00,1099135.202989239,1099135.4596388452,1099138.145874415,4985,200,0.2566496061626822,2.686235569883138
de441e5a-c1ef-4baf-9405-d71a8166329f,5b0c86fb-7255-4292-8ba9-f3639b7add50,1099136.202843064,1099136.327196812,1099138.521197912,2314,200,0.12435374804772437,2.194001100026071
525d1cf1-fbbe-4524-8875-065a653f3923,3bbe86ed-d7cf-4231-9539-29db62dc29f1,1099136.202836111,1099136.45158224,1099138.558594198,526,200,0.2487461289856583,2.107011958025396
b09a6722-4255-4252-8d69-53fcaa26d31d,7dffa10a-2db3-48f9-af53-bddccb30f2a3,1099136.202824314,1099136.5769115428,1099138.6626211607,4886,200,0.3740872289054096,2.0857096179388463
42418c6c-fc98-43ef-9e43-2714f55e1cc4,b9a1c60e-769e-4d7c-9bcd-7c30c553b14c,1099137.202713829,1099137.7487104551,1099138.7515844651,6438,100,0.5459966261405498,1.0028740100096911
8dab211e-7282-4693-8044-17ebc6ef72aa,3843b2c1-db08-4327-bab6-6c5f8f1d4ce6,1099137.202707671,1099137.5398249011,1099138.853968538,2870,106,0.3371172300539911,1.3141436369623989
1b6cbc21-8980-410a-a48c-edc2e072221f,9b27c6c2-2245-4a1e-a424-6b64e12f2370,1099137.202711111,1099137.278150908,1099139.369137344,785,200,0.07543979701586068,2.090986436000094
d8611813-a23f-4d17-809e-cb3e5677e8b9,182e146a-f05f-4c8c-927f-b75bc2b1ea10,1099137.202704259,1099137.6020056,1099139.68041419,6218,200,0.39930134103633463,2.078408590052277
528a4efb-cdf4-4731-8db8-b2dbe82b27da,5f392163-5e1f-4046-b000-a9b1693783cd,1099138.202583675,1099138.335160654,1099140.404844945,1360,200,0.1325769789982587,2.0696842910256237
0ba75702-62d1-4790-9486-6e43ca1eac91,743528ce-8ff5-4c63-8df5-2e9b0703cc0a,1099138.20256372,1099138.4082505482,1099140.4173896092,4019,200,0.20568682812154293,2.009139060974121
6b58a38f-0756-4d3e-b6a3-3a9e3a859dca,46bf7e07-8121-40ed-8854-6f622d8117c7,1099138.202576301,1099138.632543864,1099140.639951485,5990,200,0.42996756290085614,2.0074076210148633
22687bb0-71e4-4c27-82a8-3148e5541653,57727da7-a89d-4b07-b497-8a4ae07e2f57,1099138.20258648,1099138.3104439978,1099140.6827774919,1360,200,0.10785751789808273,2.372333494015038
9076220d-7573-43c3-95b6-ef0ee4108bf7,b08a97a6-f8e0-4014-92ec-ad1af8ba590e,1099138.202589639,1099138.5188176779,1099140.7679263558,6462,200,0.31622803886421025,2.249108677962795
375b6305-1e9b-40c0-b81f-34c1b0c15228,384c381c-9e43-46bc-ae6e-f423ed8194ee,1099138.202580356,1099138.635679108,1099140.884558135,5441,200,0.4330987520515919,2.2488790268544108
883c94fb-a84a-4274-b28e-1420b7eb80a0,28372a1f-07f7-48a6-8cc7-9fa100b2f8a5,1099139.203287982,1099139.2522160138,1099141.614396226,611,200,0.048928031930699944,2.362180212046951
27554f00-2882-49c7-8d4e-711d50251fea,00582910-d45e-43fe-9151-b2d8aa205d5a,1099139.203291724,1099139.666329596,1099141.8977359391,6178,200,0.4630378719884902,2.2314063431695104
4a3bf7a9-07db-4ba0-8b5b-79f848c09877,ff19633c-acff-4576-b01e-d80c3fbca124,1099139.20329457,1099139.670936003,1099141.972797034,6027,200,0.4676414330024272,2.3018610309809446
7a3a40eb-e141-4ae9-8870-a49d8023592c,882c383b-3739-4ff4-be3d-18745f09b583,1099139.203274899,1099139.6779561648,1099142.00103182,6441,200,0.47468126588501036,2.323075655149296
7d2268df-e82e-4cde-bf35-bcc384216c36,3cba0bbe-0d61-4be6-8be5-4585a5068a33,1099140.203240441,1099140.386484947,1099142.650141538,3900,200,0.183244506129995,2.2636565908323973
74f59ff3-12e0-40f2-af17-5692927230a7,476ae43d-0078-4849-b929-279b27c39df4,1099141.203145316,1099141.3275431842,1099143.4537640782,1625,200,0.12439786805771291,2.126220894046128
26bda6de-b2f3-4b35-bde9-2b5bbbe6450a,0be4320b-01bc-4621-8810-cea97dbe5f9b,1099141.203164214,1099141.587992127,1099143.655058181,6464,200,0.3848279130179435,2.0670660538598895
6c2d5643-fe66-4698-a227-05dd422825fc,a2e343e5-52ab-4a90-be2f-a2f9fd76f526,1099141.203167368,1099141.338433789,1099143.732544682,2227,200,0.13526642112992704,2.3941108928993344
ec94a879-657a-4c2a-a29d-78fda08718d2,8162980e-e365-418d-87c3-2d53058fb7f2,1099141.203159787,1099141.6904423458,1099143.8860651169,6186,200,0.48728255880996585,2.1956227710470557
cbc60579-d449-495b-a709-a057ce7e2e26,a499fde4-51c2-4cdf-8809-3a52991b1c6c,1099141.203170158,1099141.56003732,1099143.912221163,6251,200,0.3568671620450914,2.3521838430315256
0fed0f5d-c5f3-46f1-aff3-8b6b9985f6cb,1ce0cc43-25d2-46e0-91e4-43901076cdf9,1099142.203218413,1099142.343582239,1099144.1485510631,3109,167,0.14036382595077157,1.8049688241444528
f9d3cae1-8aba-46ca-9adb-4977a680769f,22ad330a-90f5-4f19-8245-dae0d3c2f176,1099142.203205959,1099142.515408986,1099144.529713681,6569,200,0.31220302707515657,2.0143046949524432
95135d4f-501d-48eb-8183-7983c7c5d6aa,46d0e33d-a861-4fe0-8451-3a9b6b02a7e9,1099143.203459617,1099143.5626484929,1099145.497576375,6143,200,0.359188875881955,1.9349278821609914
cb22ec25-cdd5-4a55-bcc0-d835a9582c4d,61aaf7d9-5163-47db-a2f7-a5dfc87dc710,1099143.203449157,1099143.4666223011,1099145.899099786,4651,200,0.26317314407788217,2.432477484922856
6c96494d-8de5-46f9-af87-f0c4ff23ed17,abea0846-5b48-41dc-b9bf-d5bea8fa1a2b,1099144.203048374,1099144.5133563692,1099146.1441895962,1441,200,0.31030799518339336,1.6308332269545645
f89540c1-5053-4da3-8156-d2fd62ef13f2,3d7c75b0-1e1d-4eb3-aac3-ba4080d6570f,1099144.203044946,1099144.517461587,1099146.186325219,2834,200,0.3144166409038007,1.6688636320177466
5a205bd3-4e50-43e3-843d-4bc8c541926c,c7344d02-17ce-4505-8d92-ada61240d9c1,1099146.202915657,1099146.381724942,1099146.691282586,3173,29,0.17880928493104875,0.30955764395184815
36e6f9ca-9372-47da-ad5d-efb45183e385,0ea7eebf-4e91-49b7-886d-7fde689bef99,1099144.203051133,1099144.515111142,1099146.746750015,3311,200,0.31206000898964703,2.2316388729959726
0deb5a1a-5d7c-409d-8cdc-b3584e23f118,d83afec6-2b91-4543-84b4-2d1cdf313b33,1099144.203056938,1099144.6583946901,1099146.857831151,5803,200,0.455337752122432,2.1994364608544856
187fa0ad-66af-4555-a905-c173f06b14cb,2a1bf603-2bcc-4001-9fbd-8c61855c48e1,1099144.203032528,1099144.5268622641,1099146.889115897,6906,200,0.3238297360949218,2.362253632862121
194586f7-97da-43ac-842e-696b4a9e434b,650b104b-2cbd-4304-ab8c-0935cf2bbab7,1099146.202908247,1099146.51325628,1099147.135072575,3880,35,0.3103480329737067,0.6218162949662656
6ff27bc4-6449-42d4-84aa-12c5d639fe00,e7803957-8926-462a-a31e-30cdb1c9ec2d,1099144.20305956,1099144.6431199717,1099147.1909514929,3774,200,0.4400604118127376,2.547831521136686
f01935fa-b9d3-4b65-9a6a-0a02ecdf4230,a38cc03c-0c15-4c65-b327-0a790b0f3638,1099144.203054005,1099144.6869295142,1099147.3120873761,6397,197,0.4838755091186613,2.625157861970365
1261705e-c900-4327-b8b3-5fe0aab3fbca,64067c58-b338-48a4-85e4-99a236b0af21,1099145.202912239,1099145.273975493,1099147.861267843,991,200,0.07106325402855873,2.5872923501301557
8870ce11-bf9a-4c46-a9fa-811de7b3694f,b2a2aa59-caa5-4e99-8596-8ed2be72bbe6,1099145.202917376,1099145.683266396,1099147.909695549,5441,200,0.48034901986829937,2.226429153000936
ba7064e3-b76c-4f40-99f7-51db29ba31ae,c042296f-1f45-4a47-8fd6-d3a427bbfd9a,1099145.202914777,1099145.49208036,1099148.010375002,5943,200,0.28916558297351,2.5182946419809014
041cd347-7ec6-47c5-b979-8536a61753c9,649f563f-c280-4cb5-a6b1-81e9567055cb,1099145.202909484,1099145.6569731832,1099148.041852106,6203,200,0.4540636991150677,2.384878922952339
dde658f8-63a4-4369-b05a-26e42de26528,2e90c9d3-0cc0-431a-a190-712898af6e66,1099145.202894451,1099145.4787429941,1099148.1260763532,5784,200,0.27584854303859174,2.647333359112963
b9d031ad-83e5-49b7-ab3a-5e7b87b2ff78,23ee0cbe-2b7a-408b-9469-e2b3dc42f35f,1099147.202585843,1099147.646838219,1099148.1693874388,6366,53,0.4442523759789765,0.5225492198951542
1f249bcb-a5cd-4968-afe2-cb12dab31c81,33e1e879-a9b2-42f0-b1cb-4f3cf8e6b433,1099145.202923181,1099145.72658311,1099148.172541101,6146,200,0.5236599289346486,2.445957991061732
ab0e1d8d-ed07-4d5b-a919-95ff0ac96d51,9724fec6-5a27-419a-835f-02d1cdee68c6,1099145.202905854,1099145.679585544,1099148.282897319,6116,200,0.47667968994937837,2.6033117750193924
d9fd8ebc-0aa1-4989-8dfa-75f09e85f0ef,c8625007-cb15-40d2-8dcc-b41d03e3b3c0,1099145.202920278,1099145.866229994,1099148.747401643,6133,200,0.6633097159210593,2.881171649089083
cd5610b8-74ce-480d-b131-5669592243f2,a66219a5-0bf0-499e-8da4-6217f9feef08,1099146.202892357,1099146.283052443,1099148.7961376351,1285,200,0.08016008604317904,2.5130851920694113
cf153361-ac21-4dde-9dbf-2b4ef414e72e,8e020282-5ecc-434f-b573-91c202e1468e,1099146.202906342,1099146.579749457,1099148.8101068982,6310,200,0.3768431150820106,2.2303574411198497
c4b1dcd7-758a-4a5e-a385-cdcee8011a5d,f8f658f8-2055-491a-a5ab-4e79d35eee0d,1099146.202912085,1099146.35239193,1099148.840758976,2223,200,0.1494798450730741,2.4883670459967107
e29ae77a-9ceb-4ef4-95bf-f7128f8e3a25,bd1bea6e-715c-4f79-b2e0-496b2179d6a3,1099146.202919266,1099146.6366370101,1099149.0076899051,4915,200,0.4337177441921085,2.3710528949741274
fffc6ac3-28f1-4e8f-97b7-3eefe33c4d32,d846d4b2-4867-4720-9892-d49f8c7696e6,1099146.20291401,1099146.488847048,1099149.18529506,2342,200,0.2859330379869789,2.6964480120223016
92f07ff1-f785-4383-a77f-762b768ecd5d,c226d327-ec87-408c-844a-cb6a344c2aea,1099146.202917528,1099146.537471048,1099149.195516819,918,200,0.3345535199623555,2.6580457708332688
4de418a9-7c26-4bf8-b7a3-f0e67a8e063f,7a32f88d-b258-446c-954a-35e5cd5a4c84,1099146.202921179,1099146.5244899818,1099149.249561786,6765,200,0.3215688029304147,2.7250718041323125
c723e6c6-84e2-43a1-9f18-04e03ddd9fc8,9fd9f898-9cfd-457b-adfe-707b66258b3d,1099146.202901562,1099146.8287968189,1099149.3574157578,7014,200,0.6258952568750829,2.5286189389880747
d8ffaeba-7d59-46c1-82dd-95d7609d895c,10a77566-30c0-4a98-b443-a2bb542d4dba,1099146.202904273,1099146.881107287,1099149.403710782,5208,200,0.6782030139584094,2.5226034950464964
401c9d52-f02e-49c5-bce0-5c9039526f4b,92e9c4f3-5a88-45b5-bba4-0d7a61180e52,1099146.20292282,1099146.744666804,1099149.418232685,6460,200,0.5417439839802682,2.6735658808611333
37041341-a04a-4ac4-afc9-464c167523f3,26c258a6-5b59-44bd-b849-a28547921f76,1099146.202910159,1099147.13301915,1099149.669548039,6319,200,0.9301089909859002,2.5365288890898228
66749a1e-9206-4a93-a10b-a40c00c42c3d,67758644-12b8-4d98-b640-a9e8ac069351,1099147.202581639,1099147.274420756,1099149.672832323,726,200,0.07183911697939038,2.398411567090079
6bb8a41d-b3f0-4902-8d09-575030cf83a4,145e5f0d-7ea8-47b9-b4c3-c7f6cf51725e,1099148.202681031,1099148.3842241222,1099149.8543893702,3019,110,0.18154309107922018,1.470165248028934
47eaf468-569f-4ef3-bf39-7f42065ea634,0e701727-8a9d-4ce8-87a9-9931a1476227,1099147.202564411,1099147.504754987,1099149.982787936,6148,200,0.30219057598151267,2.4780329489149153
225bcdbf-1991-48e0-8735-9ac171aea2e1,5ed43ab5-6e62-46fc-a695-99d4cb7b0dcc,1099147.202583882,1099147.727383788,1099150.062300097,6457,200,0.5247999059502035,2.3349163089878857
894a3883-b15a-421e-a3e4-1c94d7fdc25d,21d6c7bf-0824-4d6c-ae87-342ca4d3bf10,1099147.202579132,1099147.68639766,1099150.089751217,5825,200,0.4838185280095786,2.4033535569906235
029996a8-64e3-4b89-846f-17e20d7e8340,54d11fb0-e397-4273-8b83-8a5523a7ebef,1099147.202575727,1099147.959072574,1099150.298554682,6108,200,0.7564968471415341,2.3394821078982204
4ff7cd03-19cd-484b-bdd0-429f64f42ce7,2e6d427c-5d5d-4341-bd59-5c0bf98acf50,1099148.20268493,1099148.353649799,1099150.48976703,2889,200,0.15096486895345151,2.1361172311007977
e9f91a74-fc8f-4bab-94ff-42016c1f4322,161520fe-b2a7-4765-9cec-8d3bd6da2327,1099150.203361938,1099150.431613269,1099150.673876964,4619,18,0.2282513310201466,0.24226369499228895
deebf622-a3ab-4186-91a9-277850acf1e2,9241e5d4-7685-47e9-8f12-d51806022933,1099148.202690504,1099148.495429448,1099150.839872321,5529,200,0.29273894405923784,2.3444428730290383
f42282ea-a932-4675-aea3-1fd4f2e3e8cd,cb361646-3167-4aa2-89ea-dddda78b2cfd,1099148.202687526,1099148.5821032817,1099150.8511154947,6158,200,0.37941575585864484,2.2690122129861265
e0255dbc-7b33-43f8-ba7d-5aea676e9189,4a8c5b6b-e155-42ad-badf-17b8d48d8aa9,1099148.202662245,1099148.521329992,1099150.869764834,4547,200,0.3186677470803261,2.348434841958806
873f8bb3-0de4-4b4b-a8ce-342440523d75,bba30c2c-2f5f-43ba-8618-041c52204c6e,1099150.203342997,1099150.52253211,1099151.178511637,6406,59,0.319189113099128,0.6559795269276947
acce8d7d-9f52-403f-b3c0-13cd08fcbb30,911d7352-a7c8-4221-994f-575ec976f2e6,1099149.203315159,1099149.340513254,1099151.562320463,2272,189,0.13719809497706592,2.2218072088435292
10c7f5cb-6a13-4c6e-aec3-ec1692e847fc,77d7eb80-2931-44e9-917a-939b4706e637,1099149.2033253,1099149.4583288298,1099152.236851903,6030,200,0.2550035298336297,2.778523073066026
f2874804-1e75-4105-a6cc-ae9e7aaeb69c,33dc18f9-e1dd-4050-ba46-e0d05a421864,1099151.202584967,1099151.852676297,1099152.244679006,3580,27,0.6500913300551474,0.39200270897708833
378cf951-c47e-4a75-854f-d80d2aa6d7a4,c0e273f1-c346-4c7f-ba9e-53a9c61c18c0,1099150.203357111,1099150.5471570871,1099152.651183455,5818,200,0.34379997616633773,2.1040263678878546
3d7385a9-1a38-4b0f-85fd-be491d40904e,fe21ff9d-318c-4c69-89c7-45912541fdc6,1099150.203359853,1099150.659270464,1099152.888475608,6366,200,0.4559106109663844,2.2292051441036165
723560fa-4280-42a6-81c9-720951af7bda,830a675a-2522-4601-b35a-c7313f3380c3,1099150.203353646,1099150.7474521422,1099153.4282060391,6202,200,0.5440984962042421,2.680753896944225
5c2955af-28f5-4262-abb6-34d5cf30bcfb,a75aaab8-fe29-46ca-812d-a65cb6998846,1099151.202580327,1099151.289162235,1099153.564450039,821,200,0.08658190816640854,2.275287803960964
dabd7443-d65c-4c7b-88ca-06b307ed3517,edf00561-d5fd-43db-891d-a57747fab3fc,1099151.20258265,1099151.516738524,1099153.6653164339,6191,200,0.31415587407536805,2.1485779099166393
141f71e4-7afb-4f59-b317-6a95bf576f9e,9f643b5d-c78d-43a4-a8c7-71bb7f808217,1099151.202560583,1099151.4318224147,1099153.7530666138,703,200,0.22926183184608817,2.3212441990617663
ad8f37af-42a1-4231-9caf-771617249bb6,5dd975b0-30ab-46b6-96e0-39b315e33c7d,1099152.203226419,1099152.476132369,1099154.008840882,5788,144,0.27290594996884465,1.532708513084799
0cf4cdd8-20f0-4b51-b567-23d0e69a426e,fe06d773-cd9a-42bf-b1d7-614c1c625f07,1099151.202576846,1099151.899858828,1099154.301838255,6534,200,0.6972819820512086,2.4019794270861894
000b02ef-182f-470d-a19c-9ea0dbec86d4,41023a8b-aed5-4fd8-859a-6c48e8160fdf,1099152.203218619,1099152.377127581,1099154.42288663,3075,200,0.17390896193683147,2.0457590490113944
d9da2d42-942a-4468-8c3a-d83e0fff5d42,1bf26568-c5c1-4e78-8ba0-796957c5b747,1099152.203224121,1099152.3279531898,1099154.6703341857,1540,200,0.12472906894981861,2.342380995862186
13684d9a-09ce-4d7f-b5b8-6beebef1551f,89cf2e96-a828-4fa8-862d-c0d888d66892,1099152.203221904,1099152.403489087,1099154.671149368,3911,200,0.20026718289591372,2.2676602809224278
22811693-0014-4989-badc-0fe0b29f1165,b4c5b5ea-ee65-4239-bc1f-6b1f8a4f5a2a,1099153.203253944,1099153.2791913247,1099154.7013470968,921,123,0.07593738078139722,1.4221557721029967
91e4dfae-1f62-4aea-8d6f-33029bbc2d8e,e7e4cbf2-d712-49fe-ab56-7723226bf17b,1099152.203206151,1099152.507722607,1099154.794204626,5571,200,0.30451645608991385,2.2864820188842714
703824e7-e933-456d-a6ad-2ca86e09221d,ce6f50d7-6546-4e5e-801d-c1df390fc739,1099153.203268939,1099153.382451653,1099155.419849074,2947,178,0.1791827140841633,2.037397420965135
0517760f-ffe7-494f-9d3e-d51e4e46f0d8,8a111b60-2340-4df0-891d-81e653adc99d,1099153.203264268,1099153.5185616002,1099155.8000362301,6293,200,0.31529733212664723,2.281474629882723
93091737-41ce-4412-90bb-66bfbea69232,01580029-b853-4a73-96e9-198754e7c6cf,1099153.20326693,1099153.877075826,1099156.0771364481,6422,200,0.6738088959828019,2.200060622068122
6ba5c4a6-17a4-443b-9eb6-ea0a5ce8d0aa,f83a6d5d-465c-4ff0-bc0f-6eab5f238de4,1099154.203313538,1099154.6537657091,1099156.2779577402,6360,177,0.4504521710332483,1.6241920311003923
715c756c-e7b7-45f4-980c-277f09ef8cd5,05c9a37c-7cb7-46e2-9554-dc0d1ad6af70,1099155.203107007,1099155.776240026,1099156.3352341831,6508,56,0.5731330190319568,0.5589941570069641
d585ad08-4853-41f5-b6f6-f790d4a630e7,11ed2698-a70a-4704-b64c-933c1e3f5226,1099154.203294709,1099154.4964498682,1099156.7696477321,5868,200,0.2931551591027528,2.2731978639494628
9e4487b3-cc4a-4281-aaf2-f698fc9400b2,6badb635-12b1-45cb-9019-63670c999c17,1099154.203306538,1099154.424058007,1099156.806609014,3888,200,0.22075146902352571,2.3825510069727898
ed7bce63-5311-4ea5-b023-d2a5e328bea8,7567f27f-edd6-4f18-89a4-b271b111ba68,1099154.203310631,1099154.658217074,1099156.8964608388,4921,200,0.4549064429011196,2.2382437649648637
b05c0686-54b6-49bc-9550-de52d20b0da0,dc01cdfe-5594-4022-adeb-04dcc93573b5,1099155.203110554,1099155.658427539,1099157.0219709962,6380,125,0.45531698502600193,1.3635434571187943
97f5affc-0b87-4b5c-85e7-f001308bd050,6b878a33-5f67-484e-9f15-8dc6a9ae6662,1099154.203315919,1099154.659283751,1099157.226003408,4851,200,0.4559678318910301,2.566719657042995
a772fde5-566b-4369-aa3c-325f8c3b24c4,8400d908-39a2-4c56-8f0a-53e1a7477ded,1099155.203088308,1099155.288587603,1099157.593794409,574,200,0.0854992950335145,2.305206805933267
f068db9f-234c-4f65-a46f-c93831c93019,0063e1c2-efc9-4319-b73c-26561d65a9f4,1099157.203096019,1099157.5906793391,1099157.748614537,6368,19,0.3875833200290799,0.15793519793078303
8c59cf4a-8afb-499a-934d-1128612f6150,ca330d28-a7ef-4a25-a6cc-51578e715514,1099155.203102884,1099155.7686985321,1099157.921708219,6163,200,0.5655956480186433,2.153009686851874
97804a86-17b4-40e9-9c72-eb4a1163e112,69adc9c9-2273-43eb-a23c-a4efe562816a,1099156.202680059,1099156.280647116,1099158.220326465,1257,200,0.07796705700457096,1.9396793490741402
6e699ae1-befc-435b-bfc6-3b86d9814681,2c282873-ea96-4454-955b-1036d45d8e73,1099156.202669545,1099156.321648902,1099158.275152008,1894,200,0.11897935695014894,1.9535031060222536
7466d615-7614-4397-b8b1-63a3a065b943,38274d58-563a-4896-ae8c-7920e3737a7e,1099156.202682298,1099156.3641029238,1099158.3808052428,2918,200,0.1614206258673221,2.0167023190297186
80324527-4aee-4fa0-b675-231326d46e29,9f7b1605-012c-47de-9622-02198dfdb495,1099156.202673382,1099156.3979530649,1099158.718490839,627,200,0.19527968298643827,2.320537774125114
30f8adb2-fc7f-4cad-93c8-148b8540f507,abc0c6cc-0bfe-4666-83e8-64b03ca4efa9,1099158.202925598,1099158.364018848,1099158.722339511,3037,44,0.16109324991703033,0.3583206629846245
de86e0bf-7680-4c76-a2b7-eeb0f867bdd7,8d422f2a-231f-45fb-a52a-f07367e2f4cc,1099156.20267779,1099156.595723168,1099158.818109697,6226,200,0.39304537791758776,2.2223865289706737
c1d704f5-85ab-49e4-a7b6-e688e231f8d2,d6e42e4d-4caf-4c43-b542-af920a9f2350,1099156.202675644,1099156.468173932,1099158.8873697072,4298,200,0.2654982879757881,2.419195775175467
124b91c4-e37e-49c0-9bc3-4e896862e2ea,08648f01-3d60-4970-b1a8-6c2826c616cf,1099156.202652038,1099156.7282365162,1099158.9791611652,6445,200,0.5255844781640917,2.2509246489498764
91f12e0d-b594-4f79-b648-7b043705ccbd,e89d00a2-aef6-4faf-a8f6-58052acdc0b2,1099157.203099807,1099157.623444747,1099159.747411357,5150,187,0.42034493992105126,2.123966610059142
bdfe2222-92bd-4b35-8be3-f0288d5fc053,3cacc107-dca1-4afb-b1b9-2f813f74eb3e,1099157.203084635,1099157.713476328,1099159.8859152112,6048,200,0.5103916928637773,2.1724388832226396
b3dd9a2d-bb8e-420b-86da-85f8e1e84654,e62f3f98-5d83-4b9e-9c7d-fc428edf1181,1099159.203124665,1099159.493298227,1099160.0298776058,6534,53,0.2901735620107502,0.5365793788805604
42048594-400b-4751-aa2e-7e2ba007ebcf,c1178b93-624c-4368-a215-bbf1e0b91c17,1099158.202906658,1099158.328722072,1099160.594350425,2601,200,0.12581541412509978,2.2656283529940993
e47b1c0e-f373-4c8b-a6d5-b177bbfef084,6898d6f2-8e46-4f07-87d2-63452e09f5c6,1099158.202923024,1099158.4686574652,1099160.6473396781,5698,200,0.2657344411127269,2.178682212950662
b71b04b9-e8f3-4381-89f7-45cb5756ed0d,2aacea92-7898-4f60-9526-e7a073521d56,1099158.202919285,1099158.5163659141,1099160.795480654,5545,200,0.3134466290939599,2.2791147399693727
d3fa589f-c532-4b64-bc68-5f557c1e1f83,6462a983-2af7-4433-ad5e-c2a356caa285,1099159.203118673,1099159.3089428153,1099161.4806377871,1458,200,0.10582414222881198,2.171694971853867
fce8f32e-29c6-4ce0-abae-1ca3823d1296,f3c7b4af-4cc8-4b3c-8d1a-85880e5521c2,1099159.203110323,1099159.3335170539,1099161.505545448,1686,200,0.13040673080831766,2.172028394183144
45162de3-6783-445a-86f3-3d0795685555,c3ce244b-c729-4d19-9eca-771462a7d8ff,1099159.203089092,1099159.4131443738,1099161.7222955008,3249,200,0.2100552818737924,2.3091511270031333
6e59ae32-9cbc-4bba-baaa-93257046f60e,327c0ffa-aa23-4d82-a685-d4e61996d990,1099159.203115198,1099159.424833904,1099161.723235988,4913,200,0.22171870595775545,2.2984020840376616
66b97702-1e71-4b82-9d8d-b2b638cc5bb9,dddec317-43ba-489c-b868-b27439755827,1099159.203122123,1099159.860599574,1099161.9663455118,6188,200,0.6574774510227144,2.1057459379080683
94157329-adaf-43cd-84ff-0684ad1fcfb2,5f121c84-8232-44fe-909c-9a69fa9fdc9b,1099160.202697271,1099160.442289524,1099162.652210203,3027,177,0.2395922529976815,2.2099206789862365
c80f4520-7efe-4500-8c81-061e86b67c6b,92822c32-6058-49fd-aa9c-0152bb38bb78,1099160.202692439,1099160.476162725,1099162.674655692,5805,200,0.2734702858142555,2.198492967057973
e2d31da6-3cee-4469-9260-84675a19425f,eb8d5825-451b-48b5-839c-bd3f2e385b6a,1099162.202624581,1099162.446891573,1099162.781124019,4831,30,0.244266991969198,0.3342324460390955
a1e0b077-ceff-4e78-b828-f47dd94a18bb,e5f863e9-3a7b-4d7a-bdd2-60bc8ad6448d,1099162.202621958,1099162.505566065,1099162.80012923,6007,26,0.30294410698115826,0.29456316493451595
73b78d64-d7b5-4aac-99aa-3eac5dbcfdbd,384c381c-9e43-46bc-ae6e-f423ed8194ee,1099160.202662293,1099160.750661405,1099162.904481041,5697,200,0.5479991119354963,2.153819635976106
d8d7025b-5737-4a69-9821-8c61d6fce62e,83bb93d5-935c-47c5-ad10-6b74cc73f69a,1099160.202700536,1099160.490836665,1099162.9221940332,5742,200,0.2881361290346831,2.431357368128374
343f5ad5-4965-49ba-b645-0a402d99a4d7,3467dee3-2b4a-4201-afb4-3a253af3f2f2,1099161.203525909,1099161.2397496959,1099163.2197610869,590,200,0.036223786883056164,1.9800113909877837
26fa599c-41c1-4430-a99b-fed86900f417,f4359015-fade-4b04-b62c-685e70fd39c6,1099161.203539209,1099161.595203005,1099163.858835826,3722,200,0.3916637960355729,2.263632820919156
95c623d9-383e-4035-bee5-77af28024346,c7344d02-17ce-4505-8d92-ada61240d9c1,1099163.203080175,1099163.2418401248,1099164.2511468509,3173,105,0.038759949849918485,1.0093067260459065
64a0f35f-7840-48c9-a8ed-392f8b66c008,2837df08-d441-40c9-a309-8d7d55e0a257,1099162.202629289,1099162.3314704578,1099164.2498065569,2519,200,0.12884116894565523,1.9183360990136862
abee445d-8749-4adb-a5e2-f47e8a23445b,6788d54d-4159-4b04-b9ab-1d1eeea6d9b1,1099162.202618654,1099162.3221828039,1099164.5293339358,2361,200,0.11956414999440312,2.2071511319372803
fb8b8ffb-d73c-4047-b3b4-8bf6ced4143c,e2bb5c6d-8f13-4395-8e28-67275d11e72f,1099162.202607204,1099162.4382559538,1099164.795168683,4303,200,0.23564874986186624,2.3569127290975302
223556ad-0638-4ec5-9e8f-a348293fc47d,10a77566-30c0-4a98-b443-a2bb542d4dba,1099162.202627041,1099162.6367595699,1099164.920359198,5343,200,0.4341325289569795,2.283599628135562
1b65e47c-31c9-421e-a39e-c268f7fe7b8b,30910795-649d-4c33-afd7-634035edf721,1099163.203066,1099163.2448335022,1099165.6060625832,480,200,0.04176750220358372,2.3612290809396654
0ab55af6-9d6d-4e45-b7fa-1aa56fc4fd79,d15044b7-c396-404e-998e-93e71a743f28,1099163.203076699,1099163.3312487742,1099165.662767972,2757,200,0.12817207514308393,2.331519197905436
d7356c54-2517-4067-9487-24537727353d,69756b9b-d2e4-4a2e-8c02-1fbcee79c27c,1099163.20308283,1099163.381532719,1099165.728698168,3642,200,0.1784498889464885,2.3471654490567744
f378922e-0a79-43c3-b257-e1e5d7f91c0a,3fad36b5-6bb3-4dd2-b7e5-7ce7e5787a0f,1099164.203258625,1099164.5168381748,1099166.469688285,2243,200,0.3135795497801155,1.9528501101303846
cbfad97a-38cd-4f10-b80b-a5e04ec15c70,bfa767e2-3dd3-462a-8100-22c9a1611ab7,1099164.203266123,1099164.5175764512,1099166.555565488,2087,200,0.31431032810360193,2.037989036878571
6eca023e-5cc6-4016-a9dd-47e01871bbc4,2b648323-c36f-4d40-a568-1b308a23e4fb,1099164.203244719,1099164.2483855549,1099166.733396403,672,200,0.04514083592221141,2.4850108481477946
4cbb785d-f15c-446f-8cea-4030b5b127c8,308e3060-30fa-48b1-a71c-e01dd6119f87,1099164.203268931,1099164.520518096,1099166.734878443,6224,200,0.31724916491657495,2.214360347017646
9050bc0b-3586-4475-a62a-d460f1a7b438,4368eee3-45f1-41a9-9c4f-60292d5f062d,1099164.203262413,1099164.522978779,1099167.207207682,6280,200,0.3197163660079241,2.6842289031483233
0d1b568e-89df-4eb9-b829-894b75e6d4c2,e6b5aa5a-f8c4-40a5-83af-81b226cb08c3,1099165.203044013,1099165.5266029027,1099167.5189167447,6231,200,0.32355888979509473,1.9923138420563191
387c97a6-d9ad-40d4-8b7b-d2940866aeb2,362e7dd0-a233-4042-adde-c1e9626a0aef,1099165.203028527,1099165.5942650922,1099167.5288081602,6463,154,0.3912365650758147,1.9345430680550635
a4f5bff8-3714-4a04-84e9-245d21fe4d95,3843b2c1-db08-4327-bab6-6c5f8f1d4ce6,1099166.202597153,1099166.357927043,1099167.713750223,2866,87,0.1553298900835216,1.3558231799397618
f7db264e-fb18-4d85-a6f5-41af9d6e113b,e7e4cbf2-d712-49fe-ab56-7723226bf17b,1099165.203040499,1099165.487965252,1099167.92813245,5571,200,0.284924753010273,2.440167197957635
66c06afa-7f14-4fea-b52d-79c8c8dff469,c042296f-1f45-4a47-8fd6-d3a427bbfd9a,1099167.203231066,1099167.700547639,1099167.944427205,5950,18,0.49731657304801047,0.24387956596910954
b9d2f48d-6197-4f12-a5a5-03e9f9e2a6d9,a2e343e5-52ab-4a90-be2f-a2f9fd76f526,1099166.202616255,1099166.328090042,1099168.414570664,2227,200,0.12547378707677126,2.0864806219469756
707cabdc-763e-47f7-908a-878df924bf74,d131e8b1-ce03-46d6-82b2-94b88e7a0078,1099166.202611338,1099166.241975315,1099168.461075835,404,200,0.03936397680081427,2.219100520014763
64e356e4-059d-4e44-9ccd-b9e8557dd900,33dc18f9-e1dd-4050-ba46-e0d05a421864,1099168.20320201,1099168.4945469648,1099168.9039815988,3580,32,0.2913449548650533,0.4094346340280026
bd025f44-d1b8-481b-b7f1-77fb3dcb4bc3,39e20f76-6db8-4d08-a978-9bb294a6df3b,1099166.202619969,1099166.652505068,1099168.933077956,6367,186,0.4498850991949439,2.2805728879757226
399a6c57-b876-4950-95e1-590ffc3da6d5,ffd0b423-c554-4d30-981b-d5ee5c345c99,1099166.202625522,1099166.630784088,1099169.160509715,4603,200,0.4281585661228746,2.529725627042353
a188fd22-02fa-4016-b187-28e56e9d66ee,00350808-5c9c-404f-9bcd-c153da1e8468,1099167.203212934,1099167.331451297,1099169.181201224,2448,145,0.12823836295865476,1.849749926943332
423b06ab-eabd-4156-ad79-4a64be7cce6e,df0f9f8a-9867-430c-98ce-3f30f838e161,1099166.202622907,1099166.7463636938,1099169.215436729,5883,200,0.5437407868448645,2.4690730350557715
68d6d9d2-bb50-4ec4-a52c-c9b863a16f44,9e3c8867-59dc-4f49-8675-cc60714855dc,1099167.203237844,1099167.477563763,1099169.665157058,3715,200,0.27432591910474,2.1875932950060815
44ea989f-d21d-4e22-ba79-6f91f2ce75cd,d846d4b2-4867-4720-9892-d49f8c7696e6,1099167.203234777,1099167.361882366,1099169.771936626,2487,200,0.1586475889198482,2.4100542599335313
30582044-dd19-41b3-8f11-3d97b070a5b2,15fbccdc-7622-4cd8-b468-066ca318efea,1099167.203226654,1099167.607848387,1099169.892778244,6514,200,0.40462173288688064,2.284929857123643
6b7e45ea-bb2c-47a0-9780-26de8a221379,68d4f502-0f47-4b6f-be7e-d4ea6c5ea47d,1099168.203199614,1099168.404035264,1099170.470362256,3302,193,0.2008356498554349,2.066326992120594
ce6a7645-cc75-4050-b804-2e41eb02c9e4,a89382a8-dc9a-4c53-8dd0-6dea43247d09,1099168.203187661,1099168.361826483,1099170.780469942,1822,200,0.15863882191479206,2.4186434589792043
773d7e3c-a3ae-45e8-8474-9d6acef5602f,3bbe86ed-d7cf-4231-9539-29db62dc29f1,1099168.203168561,1099168.2932713921,1099170.788926274,675,200,0.09010283113457263,2.4956548819318414
4f441aec-20e4-4beb-97e8-384afcfe2f45,c0e273f1-c346-4c7f-ba9e-53a9c61c18c0,1099168.203190923,1099168.6185165008,1099170.825805068,5868,200,0.4153255778364837,2.2072885672096163
151fc798-dfc4-4590-a866-1742fb19b6a8,0b5b7174-9f85-4885-997f-47ed4c9fc8ad,1099168.203183424,1099168.393673394,1099170.836593488,2388,200,0.1904899701476097,2.4429200938902795
4671c200-f1bf-47bd-84f6-19bccce5c5b9,81f274fb-2e6f-430c-bca5-cbd3ec69d401,1099168.203196936,1099168.6425994611,1099170.8373610731,6348,181,0.4394025250803679,2.1947616119869053
fa09b9fb-36e0-4ef0-9301-3d179586d626,23ee0cbe-2b7a-408b-9469-e2b3dc42f35f,1099170.202666569,1099170.7259949541,1099170.894527848,6366,18,0.5233283850830048,0.16853289399296045
3d69a6d6-b034-4639-8d01-46adfef15586,583cbfc9-7618-498d-864b-dd180e9fa774,1099168.20319418,1099168.5631790769,1099170.976280208,6382,200,0.35998489684425294,2.4131011310964823
25333220-b527-4356-a9a4-12a0183b9824,e7803957-8926-462a-a31e-30cdb1c9ec2d,1099170.202677508,1099170.504848088,1099171.0050873868,3754,48,0.3021705800201744,0.5002392989117652
830f5cc9-bfc5-4c2c-86bc-1b565ef0855d,0e78f555-d2c5-4fe2-81d1-9a7530f75bf4,1099170.202663341,1099170.4147950462,1099171.1309619972,3667,67,0.21213170513510704,0.7161669509951025
1d50a215-98a9-4c13-a92c-a1765124794f,e4e2e608-ce54-4ee6-8651-29dcfd54dc86,1099169.202550532,1099169.333353604,1099171.704650031,1601,200,0.13080307189375162,2.371296426979825
0162a6f0-d70f-4a61-8fd4-2b5949c4a04d,f3b6de5c-404c-4234-843a-c5a9646cfa64,1099169.202521917,1099169.3945637469,1099171.9446720318,4081,200,0.19204182992689312,2.5501082849223167
bd3ae194-cd9a-4d16-8fb4-f83c417ae419,ac1ca301-49cd-4273-8224-edf5d81ce2a5,1099169.20254705,1099169.333259204,1099171.965281874,1759,200,0.13071215385571122,2.632022670004517
a7b74305-af7a-42c9-a211-f6f2c0719abf,62010be8-f099-4914-b6f4-3848f181a33a,1099169.202553364,1099169.660191586,1099172.017561123,6115,200,0.45763822202570736,2.357369536999613
1c16080f-c2e4-49bb-9d93-7c2f2d41f792,182e146a-f05f-4c8c-927f-b75bc2b1ea10,1099169.20254219,1099169.7899339348,1099172.02212309,6218,200,0.5873917448334396,2.2321891551837325
b7e46de7-d602-4ab7-b3e7-a809bf6380ee,c7558f93-f86c-4355-a7b9-c08b9ddff562,1099171.203390332,1099171.700289384,1099172.110889296,6245,34,0.49689905205741525,0.41059991205111146
9d2df355-8525-49fd-ae80-3886770648f4,9f643b5d-c78d-43a4-a8c7-71bb7f808217,1099170.202652538,1099170.2751710538,1099172.916335668,703,200,0.0725185158662498,2.6411646141204983
4d34275f-a1ab-45f6-9048-c8dfafa7e412,19c30b89-49e6-4785-b4ec-da68e367d4ae,1099170.202668914,1099170.596132518,1099172.9329108102,6440,200,0.39346360391937196,2.3367782921995968
4c7f87d7-f3d8-482c-99e6-095310252498,c40ff6c2-61d2-42ae-a09a-e2b819365e0d,1099171.203400126,1099171.6655637699,1099173.024339668,6399,131,0.4621636439114809,1.3587758981157094
d3c23481-a605-4a2a-9094-a39df2e8cac8,d0cc8fed-2a8e-48e8-91db-ebb573e1adc3,1099170.202670872,1099170.433818931,1099173.028226742,2226,200,0.23114805901423097,2.5944078110624105
b8b8981a-c6a5-4a33-a406-2bfe1b056cc2,6729e742-81c7-499b-922c-2c6994bc9caf,1099170.202672969,1099170.627262244,1099173.106909818,4128,200,0.4245892749167979,2.4796475740149617
e9bc3ed3-439b-487e-80a0-07ec36dbb84d,10a77566-30c0-4a98-b443-a2bb542d4dba,1099170.202675274,1099170.8360015063,1099173.245093841,5423,165,0.6333262322004884,2.409092334797606
d64a1b02-76b5-4095-9555-1262a784415d,6114f2e9-4693-488e-9dbb-a470b56d0719,1099171.203397649,1099171.6100954362,1099173.803786877,5963,200,0.4066977871116251,2.193691440857947
308a16f2-ce9a-426b-9870-5924a63b3839,11ed2698-a70a-4704-b64c-933c1e3f5226,1099171.20340441,1099171.276871718,1099173.820623592,6039,200,0.07346730795688927,2.5437518740072846
39e27d2e-25ce-4c38-a8f3-d577e2942541,64067c58-b338-48a4-85e4-99a236b0af21,1099171.203394798,1099171.29155565,1099173.938571674,1183,200,0.08816085197031498,2.647016023984179
0b515dc8-f3b9-4e38-b89b-d7032b117315,3ac1f3a7-813a-4683-b941-b18074fd7722,1099171.203402283,1099171.630918229,1099174.0601286779,3225,200,0.42751594609580934,2.4292104488704354
1070d3ad-be7c-4367-a180-7e4ff90b2053,346884c6-d766-4ec5-aa72-7b2d60af0395,1099171.20335216,1099171.7599024402,1099174.13979389,6821,200,0.5565502801910043,2.3798914498183876
2843d885-2607-4f7e-92ac-cfc1e997a753,967aed41-fbe7-4e66-a54e-1b932c3f1357,1099172.20282658,1099172.581440903,1099174.511301966,6258,200,0.37861432298086584,1.9298610629048198
ba6575bc-e2ae-4acf-a81a-cacf10372e8a,62f03492-233a-4c73-8583-919a97f51a7b,1099172.202815423,1099172.348158402,1099174.896862013,2752,200,0.14534297888167202,2.548703611129895
91b67b81-d938-441f-ac70-ea5d221a89e4,ce6f50d7-6546-4e5e-801d-c1df390fc739,1099173.202698857,1099173.413276866,1099175.610691183,2941,200,0.21057800902053714,2.1974143169354647
4d6f1944-e3d1-4c92-808c-07661e5436c0,bc1de8c2-a6ae-4eed-92df-8609cafce1c4,1099173.202709348,1099173.492518108,1099175.6598907032,2017,200,0.28980876016430557,2.167372595053166
ee68eea8-790f-403b-a82c-a703e5e44ca5,20a5ac43-3841-4dd2-974f-f7830a0b6360,1099173.202702273,1099173.609637541,1099175.702163645,6109,166,0.40693526808172464,2.0925261040683836
60b69385-688f-45a4-a6bd-0c043b0fe92a,616f129f-3b5e-4571-8580-6d776d7d23f8,1099175.202932389,1099175.430349996,1099175.841176554,2862,30,0.2274176070932299,0.41082655801437795
42e0bc1f-727f-4303-a5fc-5b8e0a4a5bfa,78cd1186-1eef-46ee-8b61-c9af4f4d299a,1099173.202711427,1099173.334310682,1099176.060197308,1453,200,0.13159925513900816,2.725886625936255
c1d8b296-ee40-42b3-8e96-1898593d357a,f554436d-1d1b-47f3-a997-b59b79320c86,1099173.202686613,1099173.527139762,1099176.153119558,5870,200,0.3244531489908695,2.625979796051979
0837995d-8088-4127-8b0e-c882b52b2335,41d72990-c4f9-4f15-a3a5-0d6b55ca3bc4,1099174.203398307,1099174.326195833,1099176.533879039,1217,200,0.12279752595350146,2.2076832060702145
6139d771-0bc4-4fe9-8fdd-884a5447bba8,53dfe89a-8102-4086-85f9-8feab140d30f,1099173.202707102,1099173.5179930949,1099176.682557876,6464,200,0.31528599280864,3.1645647811237723
96d63bd6-9629-453b-846d-462041fc42fb,5b7afdee-bc23-4cea-8c95-ee1786504a83,1099174.203405559,1099174.654460204,1099176.933392578,4313,200,0.4510546450037509,2.278932373970747
3d77c1ea-568b-487d-a80a-bdeca43a1c32,9241e5d4-7685-47e9-8f12-d51806022933,1099173.202704534,1099173.844734836,1099176.949870399,5509,200,0.6420303019694984,3.105135563062504
1c5f351c-ee91-466f-a8a6-2c31dcdbb35d,3cacc107-dca1-4afb-b1b9-2f813f74eb3e,1099175.202935015,1099175.359980018,1099177.027577838,6048,153,0.15704500302672386,1.6675978198181838
b8ed180b-6f96-4869-8397-e9e9eca3ed3b,93047e83-9aeb-4634-bc01-01c7fbdbf63d,1099175.202925645,1099175.630626535,1099177.1471114792,6007,123,0.42770088999532163,1.5164849441498518
91b42efe-2f55-4f0c-a872-609f7d848999,02fdc58c-4081-4c4f-b08f-be89fc1991ff,1099176.202828032,1099176.5128665161,1099177.201601543,2909,52,0.3100384841673076,0.6887350268661976
50a02774-dacf-4309-96d4-f596c44541da,a5fcfe4e-eb51-4ac0-b8bc-d87496e3d9cb,1099176.202821629,1099176.4030660868,1099177.2382928,2548,76,0.20024445792660117,0.8352267132140696
3cb3132d-e393-4329-a5bc-b976c1acd3d7,190e5313-6c7f-41ec-98a7-7c21e80df0f7,1099174.203393597,1099174.677085886,1099177.299988967,5168,200,0.4736922890879214,2.622903080889955
355ed1aa-18aa-4899-9c3f-a7a6a1ed640f,99cf908c-ea9c-4c6d-abb5-12c7195290fb,1099174.203379504,1099174.684710706,1099177.596941963,6323,200,0.4813312019687146,2.91223125718534
65533d4a-082c-461a-8ccf-92b7eba39102,f8ab9d2b-deca-482c-8981-3b28f5058d06,1099174.203401879,1099174.763888269,1099177.6447251309,4821,200,0.560486390022561,2.880836861906573
18bd799d-105a-40ec-a5f8-4da26a80381b,650b104b-2cbd-4304-ab8c-0935cf2bbab7,1099175.202930321,1099175.562110671,1099177.8292018871,4020,200,0.3591803500894457,2.2670912160538137
6d339541-2ce7-400a-849e-06dbd5fa3b0f,7a32f88d-b258-446c-954a-35e5cd5a4c84,1099177.203573801,1099177.67501884,1099177.867062556,6765,16,0.4714450389146805,0.19204371608793736
2ef82f4d-b66f-4c15-8693-f80d2853f74c,384c381c-9e43-46bc-ae6e-f423ed8194ee,1099175.202927916,1099175.595294014,1099177.893605133,5677,200,0.39236609800718725,2.298311118967831
3273ab10-2efc-4c4a-a564-6299cf70a05d,d99bd3a4-aa98-4081-914d-d5fe46dea9f9,1099175.202910786,1099175.356986043,1099178.178536475,2599,200,0.1540752570144832,2.8215504318941385
490f6698-8762-42c2-bdf4-50f658a28e60,1b9f3c6e-4241-411f-9c01-bd9aebebcbcb,1099175.202922361,1099175.696777394,1099178.347338199,5643,200,0.493855033069849,2.6505608048755676
25de9688-b9b3-4027-98cc-bf83faea8a95,5f19ba86-19af-4239-a7f9-b0bdc619d45b,1099176.202810089,1099176.281580361,1099178.6082450931,1278,200,0.0787702719680965,2.3266647320706397
18a2b220-9d85-4f4d-bd73-caf37a3ddee9,1907f3d5-7754-471f-a8be-1f44529fe912,1099176.20283533,1099176.346580387,1099178.7375829332,706,200,0.14374505705200136,2.3910025460645556
33598fef-42fe-4451-8a44-bc4c68e6b5f3,743528ce-8ff5-4c63-8df5-2e9b0703cc0a,1099176.20283346,1099176.4244992419,1099178.844201494,4287,200,0.22166578192263842,2.4197022521402687
990dad11-0aaf-4e1e-a6bb-d8675a19f2e4,d4cacfff-d5be-4fc4-86c3-ca3c2c799d9e,1099176.202825364,1099176.480029375,1099178.906712154,3932,200,0.2772040111012757,2.4266827788669616
c2e7cfc3-a9e8-4ec7-aea3-ec71a9617b84,016dd4b2-29b2-4b1e-8e7a-9002ec0e19e8,1099176.20283085,1099176.328978021,1099178.934555824,1864,200,0.12614717101678252,2.605577802984044
1f26a715-c57e-48cd-9ecc-54d42613d67f,83bb93d5-935c-47c5-ad10-6b74cc73f69a,1099177.203596846,1099177.3001368188,1099179.6684609689,5742,200,0.09653997281566262,2.3683241500984877
f257e2d4-35dc-4e15-ab16-57771bb64c59,e38f0f5f-4fbc-4b59-80f5-e48d1b3455eb,1099177.203592397,1099177.567875916,1099179.7683152999,6895,200,0.36428351886570454,2.200439383974299
a045853e-be9d-44b0-8d1c-2600c2649c06,c95f6829-a53c-4f99-b06f-5fe22ab86fe9,1099177.203584422,1099177.522830525,1099179.795437527,3539,200,0.31924610305577517,2.272607001941651
fe6fa337-7f56-41a6-b301-614fe1d3a829,92dcd987-4459-4c21-98a5-5129ac92bc66,1099177.203589996,1099177.6980083662,1099179.906691095,5222,200,0.49441837007179856,2.208682728931308
9a0bab1f-3fc4-487d-ac94-e677b68faa3a,61aaf7d9-5163-47db-a2f7-a5dfc87dc710,1099177.20358741,1099177.544482791,1099180.018823588,4651,200,0.34089538105763495,2.4743407969363034
fb322ed8-6b74-4c71-a81d-a788e020971e,d7284dde-c357-4445-b8a8-ac336e3acc3e,1099177.203594585,1099177.641980647,1099180.071897265,4594,200,0.4383860621601343,2.42991661792621
82db8333-f397-44e4-967c-656b62982bdc,d6c6ecce-7613-4cc5-89c7-46de6050a111,1099178.203405601,1099178.2759894659,1099180.0756491958,1339,200,0.07258386490866542,1.7996597299352288
2d45fce0-cc6c-4075-a863-b28404501106,2cd9f398-23c1-4f32-aea2-8dac6a11d683,1099178.203399857,1099178.303928257,1099180.28568889,1472,200,0.10052839992567897,1.9817606329452246
8a41b7a8-76be-4bfc-9008-31543013fd5f,2f000981-e67f-4a3a-8b92-4b725cd702a2,1099178.20340315,1099178.511288868,1099180.515433902,3056,200,0.3078857180662453,2.0041450338903815
c4e36d91-bf4d-48ae-8cf5-db133a687034,89cf2e96-a828-4fa8-862d-c0d888d66892,1099178.203408229,1099178.422109995,1099180.514364008,3907,200,0.21870176610536873,2.0922540130559355
efa682c8-b990-4ab3-bf0c-fd0165b714f4,978ce6e0-1014-477d-8750-5e8cca36ffd1,1099178.203387944,1099178.543022802,1099180.891120272,5638,186,0.33963485807180405,2.34809746989049
e1a9a119-5985-4019-bc74-4c0c558cee0f,f4288e8a-c8ba-470c-896d-085c2d99d96a,1099179.202761093,1099179.25213216,1099181.0919361948,1045,200,0.049371066968888044,1.8398040349129587
fc60f08e-7e0b-43d6-af29-46b63e49e6f2,2e537ed5-6b5a-485b-a5d3-f821b7a2b92f,1099179.202773227,1099179.496383972,1099182.181484553,6320,200,0.2936107451096177,2.6851005810312927
13674fd7-008b-4940-b69a-cfc89ff4769e,8094c720-081f-4a98-aca9-d83abaec4c87,1099180.203646082,1099180.5130938091,1099182.599553961,2459,200,0.30944772716611624,2.086460151942447
724dfdb6-02b2-402f-80db-f064b2c71cef,f3b6de5c-404c-4234-843a-c5a9646cfa64,1099182.203407773,1099182.290262301,1099182.675756088,4192,28,0.08685452793724835,0.3854937870055437
689a0697-c865-46e6-804d-157fcecfb5b5,624225ef-629e-463c-88fa-426505dea49e,1099180.203650674,1099180.509740523,1099182.800198938,6378,200,0.30608984897844493,2.290458414936438
c67daea6-f29e-4893-9e4c-b1f02edd01ea,10a77566-30c0-4a98-b443-a2bb542d4dba,1099180.203653836,1099181.033704674,1099183.178316835,5503,151,0.8300508381798863,2.144612160976976
0da07c8c-24e0-49f3-bba7-081c2fdb7c59,f82351e7-3d63-4b51-ae04-4b1630ee9ca6,1099181.202483598,1099181.426448086,1099183.294523482,5117,200,0.2239644881337881,1.8680753959342837
b6fc388d-2054-4c40-86c3-2482eea824d7,93032404-55d8-44ff-94c1-e83b4adf4b3c,1099180.203632962,1099180.8437656409,1099183.588194497,6409,200,0.640132678905502,2.744428856065497
32a89e15-4bf9-497b-9091-7b89748bdc15,01580029-b853-4a73-96e9-198754e7c6cf,1099181.202497541,1099181.498565665,1099183.653643582,6422,200,0.29606812400743365,2.155077917035669
df21193e-9cb1-4731-9361-5f6a56452a6c,abc0c6cc-0bfe-4666-83e8-64b03ca4efa9,1099182.203398582,1099182.4382705342,1099183.987509051,3119,148,0.2348719520960003,1.5492385169491172
7fbe7c16-2263-482f-89fc-79721c5ddd1c,e7803957-8926-462a-a31e-30cdb1c9ec2d,1099183.202850926,1099183.3621915889,1099184.072601708,3774,65,0.159340662881732,0.7104101190343499
305e5f73-1476-4d44-b9a4-6d4e782e6f5b,4e54060f-b887-4a20-9057-93c4824d5c38,1099182.203393876,1099182.288902845,1099184.190519725,627,200,0.08550896891392767,1.901616879971698
83b8cb7e-27d9-46be-a034-0e33d0bdcb06,d131e8b1-ce03-46d6-82b2-94b88e7a0078,1099182.203401687,1099182.302606538,1099184.655074595,480,200,0.09920485084876418,2.3524680570699275
4192f3aa-3aab-482b-8a5a-10aa398f1413,ab6b6010-d85a-42ba-af90-ea7abb5ace34,1099182.203379406,1099182.2856890308,1099184.7989938608,619,200,0.08230962487868965,2.5133048300631344
43f5e1ea-3176-46d5-b22d-2d62bbbb9192,41023a8b-aed5-4fd8-859a-6c48e8160fdf,1099182.203410495,1099182.38086251,1099184.875102096,3075,200,0.17745201499201357,2.494239585939795
a50d2f7e-aba3-4956-958c-ae02b833f596,edf00561-d5fd-43db-891d-a57747fab3fc,1099184.203430492,1099184.655491391,1099184.9526214038,5987,18,0.45206089899875224,0.29713001288473606
225d5788-774c-4770-b0e5-37b40f2d4e4c,54d11fb0-e397-4273-8b83-8a5523a7ebef,1099182.203413551,1099182.542138899,1099184.9788102559,6147,200,0.33872534800320864,2.436671356903389
2c1a40ca-d65f-4cc0-b4d5-162955747d53,eee60849-6a21-4615-8b42-be632d4dfff0,1099184.203440308,1099184.648215557,1099185.023096971,6386,38,0.44477524887770414,0.3748814139980823
096a4617-7c11-4e9a-9deb-700b9c8c70ef,cd4629a6-2b96-4df9-a7c5-74be84bebcc4,1099182.203404834,1099182.4330332722,1099185.272945757,4326,200,0.2296284381300211,2.8399124848656356
71c5b3f3-8099-42c2-9ae0-689ecbdf1dd4,145e5f0d-7ea8-47b9-b4c3-c7f6cf51725e,1099184.203435783,1099184.442127675,1099185.770639347,3087,79,0.23869189200922847,1.3285116718616337
ec8b92c3-7d73-433f-b995-941c3966bab0,6cde12cd-5c7a-4f7e-9375-c2e3298a8471,1099183.202835922,1099183.6127485468,1099186.0684284428,6191,200,0.40991262486204505,2.4556798960547894
0a781f12-dc25-4e4d-93b7-adc0aa20ca9f,a1ada656-7a98-4bad-802d-dc64f2e7ee89,1099183.202858629,1099183.9130693488,1099186.300034789,6553,200,0.7102107198443264,2.386965440120548
ac48f355-34b3-41e2-87a4-64cf02754652,9be2a601-19ad-4a64-8a31-74d14d459e36,1099183.202855218,1099183.690953529,1099186.336893028,6196,188,0.4880983110051602,2.6459394991397858
31161ac3-634b-48b6-a128-0304d3bda67c,15cdaaae-7998-4e87-9696-6c4f4e214b59,1099184.203438228,1099184.6410418309,1099186.7732270488,5785,179,0.4376036028843373,2.132185217924416
6b015c04-6fe8-447e-bab5-771dd26b1882,a38f645a-15c1-4b70-be39-1656a21c0e2d,1099184.203442432,1099184.402326152,1099186.818351099,4208,200,0.19888371997512877,2.4160249470733106
c2dc781c-f276-481b-8f18-93afb95eab5d,d846d4b2-4867-4720-9892-d49f8c7696e6,1099184.203426748,1099184.391424714,1099187.065852368,2655,200,0.18799796584062278,2.6744276541285217
25610a65-0781-454f-84d6-54ecbd1cade9,2c6e08f1-87b6-450e-a518-3a26ca1469a8,1099184.203415148,1099184.6483397328,1099187.2324264748,4588,200,0.44492458482272923,2.584086742019281
94c1a4c6-2ffc-465f-9ea8-5e40428ef4d0,625b3d00-628e-41f1-9a81-62cb5c7be991,1099184.203433385,1099184.4834332778,1099187.3117946347,4737,200,0.2799998929258436,2.828361356863752
02deb0f3-8438-46aa-8f8b-7e619b7af110,f27570f5-c473-4259-ba07-f87fff5089de,1099185.203168584,1099185.330852818,1099187.836233496,1849,200,0.12768423394300044,2.5053806779906154
b1731924-4051-4951-b958-5cd7af34a924,5fcd7bbd-da7e-4afa-95ef-18c316df5c14,1099185.203147812,1099185.626279836,1099187.881903086,6182,200,0.4231320240069181,2.255623250035569
6cb0a8e8-1e97-4d33-8755-b41a38ea83fe,2de8f2d6-66ab-4a07-90f9-203b01c54d88,1099185.203161713,1099185.595170577,1099187.927785716,6247,200,0.39200886408798397,2.332615138962865
a7340716-5399-4f70-bf26-bfdd94270738,9f643b5d-c78d-43a4-a8c7-71bb7f808217,1099185.203170954,1099185.236407866,1099187.941919185,703,200,0.03323691198602319,2.705511318985373
f312102f-b4f4-4f2b-a574-4c5fc55843d5,458e899c-964f-4008-90b4-694cb94dfddf,1099185.203165525,1099185.5004003951,1099188.150153635,5287,200,0.29723487002775073,2.6497532399371266
ecf28712-54d1-4dc1-bccc-67b5b33b99b4,96500d09-5659-4d3a-ad06-9b5daa47acd1,1099187.20350282,1099187.3872245082,1099188.3476047262,3012,73,0.18372168811038136,0.9603802179917693
1b071cec-2178-4483-a104-c30d1f4fb825,0a292c2d-a16c-463f-8328-8918f0e015aa,1099186.202835437,1099186.3170182728,1099188.5229275369,2006,200,0.1141828359104693,2.205909264041111
225b0784-4acf-4e04-808f-49911aa942b6,8400d908-39a2-4c56-8f0a-53e1a7477ded,1099186.202853244,1099186.239283951,1099188.6143698809,574,186,0.03643070696853101,2.3750859298743308
697e2663-6e3a-4486-93a5-1d1a444ed55f,a89382a8-dc9a-4c53-8dd0-6dea43247d09,1099186.202847485,1099186.3105675972,1099188.786753108,2005,200,0.10772011219523847,2.476185510866344
fc0e8c8d-8c8a-4a93-8f14-bf754e3df733,4895017a-ac7e-4f78-a8c4-c0efe3579875,1099186.202850865,1099186.50800032,1099188.970699473,6284,200,0.30514945508912206,2.462699152994901
0c0901ad-89c1-4af0-8d42-641c8896133b,47655980-12c4-4dd9-9ee0-ecc634eaf4db,1099188.203446312,1099188.2851376582,1099189.0497596571,813,65,0.08169134613126516,0.7646219988819212
c85878ba-6da7-4fdc-91a5-a85948165f58,5af26803-465f-4efa-ae1e-28fcc54ee796,1099188.203426851,1099188.244541236,1099189.663233719,685,148,0.041114385006949306,1.4186924831010401
36fbf0d2-7432-41c3-b018-90a3b8c456f8,8430f359-c0da-41c2-8c0a-99afadae6c25,1099187.203484441,1099187.53974949,1099189.663327141,6225,200,0.33626504917629063,2.123577650869265
49b6112c-59d6-4d58-a46d-8235be13579f,f83a6d5d-465c-4ff0-bc0f-6eab5f238de4,1099187.203496131,1099187.764844564,1099189.9077467371,6360,200,0.5613484329078346,2.142902173101902
dddcaffc-200d-4679-aaf4-14ad5387e5ae,966e73e3-01e1-49dd-97cc-3b17b0344882,1099187.203499796,1099187.6773784661,1099190.2519963302,6288,200,0.4738786700181663,2.5746178640984
be05d57a-4f9b-4980-a6ca-e19b369c70ac,4ae02155-c413-4c65-b178-63d7dab745da,1099188.203438676,1099188.3112466289,1099190.313455577,2122,171,0.1078079529106617,2.002208948135376
cb308498-aae9-448f-a143-65f4fb022e6f,e89d00a2-aef6-4faf-a8f6-58052acdc0b2,1099188.203441755,1099188.496007473,1099190.636708662,5343,200,0.29256571806035936,2.140701188938692
9b609310-9ed8-467e-b079-091b6d30f4f2,92e9c4f3-5a88-45b5-bba4-0d7a61180e52,1099188.203444231,1099188.776418454,1099190.821666911,6460,200,0.5729742229450494,2.045248456997797
6677eded-1728-44f7-827a-1ca9a8038300,c7dd51fb-3966-4c0d-8619-1b4983c7d99b,1099189.203468482,1099189.505237623,1099191.1042917809,5147,133,0.301769140874967,1.5990541579667479
e2e03a76-45ac-4427-b927-efc9e2ddecf1,5ff78ba8-aec6-4968-b820-e7cd608f5eb4,1099189.203439238,1099189.3491646352,1099191.51981286,1896,200,0.14572539716027677,2.170648224884644
c95428aa-6676-41e9-8307-cb079a9b81d6,906139de-bfcf-4e94-9bec-98a4621dbed1,1099189.203470842,1099189.644919154,1099191.631903961,4135,200,0.4414483120199293,1.9869848070666194
af454d4c-ea94-4539-8c9e-853f4461e856,ddb1b982-2da3-4da3-a8e6-a3ce2b95f759,1099189.203465719,1099189.2729088059,1099191.646022533,941,200,0.06944308686070144,2.373113727197051
188a9d64-1ca8-4137-b800-e3572692f17e,a2ba86da-8f5d-49d0-8042-bb89ccc41566,1099191.203395054,1099191.5186889342,1099191.738440143,6446,26,0.3152938801795244,0.21975120878778398
d627b381-22dc-4f7f-9acb-9a68990a41fa,21d6c7bf-0824-4d6c-ae87-342ca4d3bf10,1099189.203461825,1099189.4895907019,1099192.015677021,5839,200,0.2861288769636303,2.526086319005117
e2ce3672-2988-4157-be31-8e2060ca2e5f,b9a1c60e-769e-4d7c-9bcd-7c30c553b14c,1099190.203173717,1099190.5231798799,1099192.183833011,6400,154,0.32000616285949945,1.660653131082654
10404836-d675-4cb9-8b9e-0707cae9e569,5dd975b0-30ab-46b6-96e0-39b315e33c7d,1099189.203472874,1099189.727987902,1099192.216755907,5788,200,0.5245150281116366,2.488768005045131
202c06d3-f21c-4b7a-884c-caae1225cb44,911d7352-a7c8-4221-994f-575ec976f2e6,1099190.203165931,1099190.3668593469,1099192.3504388889,2413,158,0.1636934159323573,1.9835795420221984
3ab2cf0f-8732-41d8-bee4-13dc6b0bc9ba,bc3106b7-eaba-4765-a0cb-95a65868c216,1099191.203380533,1099191.239454834,1099193.068004005,416,200,0.036074300995096564,1.8285491708666086
38889ebe-e114-49f0-a955-d3500aca8bca,52b8d013-981a-41d3-8520-eb23e5010775,1099190.203152251,1099190.4982694068,1099193.1266227078,6308,200,0.2951171558815986,2.6283533009700477
8a51bea1-f01a-4fde-92b9-2c6952485db3,384c381c-9e43-46bc-ae6e-f423ed8194ee,1099190.203176859,1099190.6435224502,1099193.13264527,5677,191,0.440345591166988,2.4891228198539466
347ab0ca-560d-4397-92be-3f9cf3efa687,9724fec6-5a27-419a-835f-02d1cdee68c6,1099190.203170189,1099190.863073831,1099193.450779284,6127,200,0.6599036420229822,2.587705452926457
a44d6e79-f4ef-44a0-a767-fc5f6494e8fa,6a0f8598-e547-4e24-8413-65bc893e194c,1099191.203405129,1099191.371310922,1099193.698398417,1310,200,0.16790579305961728,2.327087495010346
bb8d6070-1131-45bd-84bc-b0a4194a4101,9079960d-2c5e-4892-b03f-4c965fd9712e,1099191.203402499,1099191.3701748098,1099193.730820085,2726,200,0.1667723108548671,2.3606452750973403
ef022a54-d036-43c9-bee5-4090710f17e9,eb8d5825-451b-48b5-839c-bd3f2e385b6a,1099193.203251285,1099193.435594094,1099193.8543981141,4835,32,0.23234280897304416,0.4188040201552212
ca433990-1a76-4514-be74-6c3915d6edf6,a38cc03c-0c15-4c65-b327-0a790b0f3638,1099192.203011767,1099192.629448862,1099193.856158388,6397,102,0.42643709504045546,1.2267095260322094
162f63f2-51b3-4799-8829-dc8036586301,e88b1149-8f9c-4867-9db5-96d87443c927,1099191.203399286,1099191.4501738488,1099193.9528513718,3318,200,0.24677456286735833,2.5026775230653584
2f9a70fd-e4e6-4f7e-a418-455e21b5abed,2d3d4654-4672-47a0-8065-8167b1e24cd1,1099192.203029912,1099192.35577063,1099194.133925714,3274,139,0.15274071809835732,1.7781550840009004
e79c12d4-3c40-47cf-b0fa-8fcf9f679bc6,4e369fef-7293-491e-9edd-8fec038576e2,1099192.203024302,1099192.50802897,1099194.656726227,4571,200,0.3050046681892127,2.1486972568091005
33ec1dfa-f08a-4892-a7e7-0aa42ac758b8,a37337b3-4345-44c2-99d0-bd4fa96c3614,1099192.203027474,1099192.815370264,1099194.9145706012,5483,200,0.6123427900020033,2.0992003371939063
d6e63df9-a3e5-452b-b605-896ae2cc7716,647864a3-b5ed-4406-bf9c-a1b552510779,1099192.20303217,1099192.8509356128,1099194.9619141058,6510,200,0.6479034428484738,2.110978493001312
de891181-8168-4a42-8acc-aad5d97a424c,bba30c2c-2f5f-43ba-8618-041c52204c6e,1099194.202816209,1099194.786747458,1099195.164652864,6320,40,0.5839312488678843,0.3779054060578346
b853f75b-6c88-4f54-95f5-5045daf47904,b3f83eed-ce13-4588-aa6c-81e02d7ba83e,1099193.203240023,1099193.241802635,1099195.339021424,672,200,0.03856261190958321,2.0972187891602516
4511209f-61b2-4887-9dc2-31a40605d91a,e2758233-3b9b-4d9c-ada4-f41e0412e585,1099195.203008705,1099195.4094007008,1099196.053169545,3003,46,0.20639199577271938,0.6437688441947103
b6764aca-59a6-4ec4-b090-8ada06359f6e,8ca7cf43-4763-434f-9f7e-0cbad9b2b4eb,1099194.202807871,1099194.2793648269,1099196.168604045,771,200,0.07655695592984557,1.8892392180860043
39de852c-1ff4-44ac-9ab4-64430f0b167e,1042353b-1343-412c-aecd-996d922a8106,1099194.20281209,1099194.270607666,1099196.2169182412,1113,200,0.06779557606205344,1.946310575120151
ba8e62c5-8615-4831-bcba-2af75a2734ef,f59505d6-2c8a-4269-b06b-4a09a34c57e0,1099194.202795188,1099194.654463318,1099196.341619799,5830,200,0.4516681300010532,1.6871564809698611
3ffdf8e1-733f-4d13-abed-5a79a467f3d0,10a77566-30c0-4a98-b443-a2bb542d4dba,1099194.202819844,1099194.6566142081,1099196.563180113,5577,200,0.4537943641189486,1.9065659048501402
17999f55-21b7-411f-b9a6-074f318c6ed1,3cacc107-dca1-4afb-b1b9-2f813f74eb3e,1099194.202802268,1099194.699969917,1099196.803021796,6113,200,0.497167648980394,2.103051878977567
c25b4ede-3654-4aab-9fa6-2e5175fa98e4,11ed2698-a70a-4704-b64c-933c1e3f5226,1099194.202761683,1099194.5092672429,1099196.8766243148,6019,200,0.3065055599436164,2.367357071954757
d69214c7-bf17-4c1a-aae4-840beb6711b9,3b187a2d-275c-495a-833c-75272901b9ca,1099196.202705752,1099196.297394943,1099197.145914382,2226,111,0.09468919085338712,0.8485194391105324
05b05d3a-cee7-4ad7-9634-ef6884ddea04,83bb93d5-935c-47c5-ad10-6b74cc73f69a,1099195.203004347,1099195.277567112,1099197.225328248,5901,200,0.07456276495940983,1.9477611361071467
c156b2da-9ad9-4723-8534-01fd4330bbf1,6fb0551f-4ff5-43b9-b3ce-5ed20bd3d658,1099195.203014575,1099195.398144993,1099197.308437393,4610,200,0.1951304180547595,1.910292400047183
44995d78-36c6-4a21-baf3-2ad781e916ac,5e0b58d3-c006-4a2c-a6cd-a016092a16a8,1099195.202990765,1099195.502385292,1099197.563203946,6370,200,0.2993945269845426,2.0608186540193856
4779d250-468a-4fe4-82c9-890883b8b3de,2eef5030-8e4f-48f7-87c0-c4672c479dbb,1099195.203011987,1099195.875795405,1099198.181687974,6519,200,0.672783417860046,2.30589256901294
9abf68c4-a920-4c76-a2df-0e058fec65f8,cf3db011-98a5-4583-9d91-eb16b37b5740,1099196.202712925,1099196.296139392,1099198.27601573,1279,200,0.0934264671523124,1.9798763380385935
123d9253-2a2f-4ade-872e-b888b09419f5,b4a94ea5-376e-4be1-9fd2-48c7486ef854,1099196.202690631,1099196.282483691,1099198.3470683468,1799,200,0.0797930599655956,2.0645846559200436
973f25a9-cdd3-4c70-a758-e9f5633917ab,92dcd987-4459-4c21-98a5-5129ac92bc66,1099196.202709787,1099196.448794601,1099198.57091062,5222,200,0.24608481395989656,2.1221160190179944
de70774e-e1d2-48df-a003-2335312926bd,e13a541a-2c09-4b59-9cf5-bf9b5c4447be,1099197.20276672,1099197.2446812051,1099198.613629396,479,145,0.04191448516212404,1.3689481909386814
b9f00368-59bc-443b-9a4c-3e5153a0fbcc,1b5b7ec9-af75-4404-bc92-07d960135fb0,1099198.202552455,1099198.5647158918,1099198.716320556,6376,18,0.36216343683190644,0.15160466404631734
82848e57-1187-48d5-9117-0c8ad736bfef,12ed77b0-f0e1-4d6e-912d-ddc62a0ba391,1099198.202560703,1099198.501860514,1099199.0428942952,6417,43,0.2992998110130429,0.5410337811335921
ad2456ef-b06c-430a-b22f-0457f719b47e,44beb2ed-9f4b-47fb-a578-32a53429b95d,1099197.202775282,1099197.5778763802,1099199.470666999,4935,200,0.3751010980922729,1.8927906188182533
a965f641-bac8-4a05-a411-fa42f2fac9f1,bfa767e2-3dd3-462a-8100-22c9a1611ab7,1099197.20276264,1099197.3097330232,1099199.4816218552,2266,200,0.1069703830871731,2.171888832002878
7d4bd0a6-f17d-4200-b5c8-cd82fbe3914d,145e5f0d-7ea8-47b9-b4c3-c7f6cf51725e,1099197.202769548,1099197.3880712658,1099199.6812447459,3161,162,0.1853017178364098,2.2931734800804406
942564ce-02a4-443f-ae1f-f45465ba1158,01524993-21d4-4d2d-a5d5-91a5663d91e2,1099197.202780555,1099197.533079305,1099199.7031708541,6037,200,0.3302987499628216,2.1700915491674095
43af06ad-a26f-403b-a917-dff035cebfdf,a1c001c3-216d-4bf4-817f-1db21b7766d1,1099198.202558785,1099198.689925544,1099199.779527714,6367,97,0.4873667589854449,1.089602170046419
4cfae10f-449c-4610-bea4-457add00c1dc,a7665175-db71-4c41-b159-46cbf857d36f,1099197.202772272,1099197.5316988311,1099199.914863232,4268,200,0.32892655907198787,2.3831644009333104
603ca62c-66d1-4f88-b6d5-758d0090300a,f6528ead-3790-48e8-bf6e-24fdeff779c9,1099197.202748425,1099197.6037284802,1099200.014286441,5885,200,0.4009800550993532,2.4105579608585685
50e1a2fb-9730-4aa1-9b43-f5bd730ccaa3,3ed61bf9-527c-438b-9427-d3c27f9b8bc8,1099197.20277788,1099197.607259281,1099200.078386301,6331,200,0.40448140096850693,2.471127019962296
c008c3e5-5eff-4fd7-bb65-1e504740225e,3843b2c1-db08-4327-bab6-6c5f8f1d4ce6,1099199.203096637,1099199.6549219831,1099200.225128039,2861,57,0.45182534609921277,0.5702060558833182
0405bac2-48b0-4756-bba5-b6ef51f32f4e,46bf7e07-8121-40ed-8854-6f622d8117c7,1099198.202555858,1099198.483889385,1099200.802298831,6209,200,0.2813335268292576,2.3184094461612403
0d029dd7-29d7-49c7-8bf0-5b882bcf2220,e4e85b75-22d5-46e6-ac0e-0e0da50d1aab,1099200.20336153,1099200.300021931,1099200.983220233,858,64,0.09666040097363293,0.6831983020529151
838a5a34-c0d8-4d13-93db-32e4cdda5d85,c0e273f1-c346-4c7f-ba9e-53a9c61c18c0,1099198.202562969,1099198.9054461648,1099201.0919700568,5864,200,0.7028831958305091,2.1865238919854164
763d3076-d9a5-4b63-a65c-657c3309725b,e9227b44-8d0d-488d-bfd0-6181fce2773d,1099198.202541731,1099198.786571962,1099201.102389575,6244,200,0.5840302309952676,2.315817612921819
979a17e7-2bf7-4e5c-bd4c-a45eb1855268,dc01cdfe-5594-4022-adeb-04dcc93573b5,1099199.203101528,1099200.02072227,1099201.451658864,6380,137,0.8176207419019192,1.4309365940280259
fce8e57c-950d-4f10-b430-47da02c45087,7dfd2e6c-8eae-47f5-9f35-fee95b418410,1099199.203079591,1099199.471410829,1099201.5965484742,2197,200,0.26833123806864023,2.125137645052746
613cc1ba-1cbc-4b1a-b4b6-5e5608e09f37,4d5fc9ec-0170-4a88-adc1-b4297da5604b,1099199.203103914,1099199.493299923,1099201.880323639,1060,200,0.2901960089802742,2.38702371600084
3b09efb4-6799-46b8-a7bf-ee246afe34e9,d24c0cc3-a163-4cd4-9cf2-de41d5c96f4a,1099199.20309441,1099199.654704291,1099201.8876027311,2170,200,0.4516098808962852,2.2328984402120113
39e44614-339b-4c66-ab8f-446be4395a05,e62f3f98-5d83-4b9e-9c7d-fc428edf1181,1099201.203156377,1099201.5934899468,1099201.9382073248,6575,39,0.3903335698414594,0.3447173780295998
9664f589-0fd5-4a11-86a0-8720b1271f65,4368eee3-45f1-41a9-9c4f-60292d5f062d,1099199.203098941,1099199.8570751539,1099201.9464783468,6280,200,0.6539762129541487,2.0894031929783523
8aff742e-2ec5-4cf8-b22b-6f9aa33e9670,ea672ecc-82bf-4d92-96e4-b9c2c87a2418,1099199.203091051,1099199.832334016,1099202.160078868,5973,200,0.6292429650202394,2.3277448520530015
9720a4ea-7ea4-4dc2-8746-fcf6c744d14d,26c258a6-5b59-44bd-b849-a28547921f76,1099199.203106022,1099199.694357892,1099202.29196421,6299,200,0.4912518700584769,2.5976063180714846
73b8f1ec-ec98-4b9d-8800-0ab8afdf06bf,61aaf7d9-5163-47db-a2f7-a5dfc87dc710,1099200.203339428,1099200.449624414,1099202.301968126,4648,200,0.24628498614765704,1.852343712002039
13ed52b1-712e-4d5e-9dfc-68094ee866e9,d99bd3a4-aa98-4081-914d-d5fe46dea9f9,1099200.20335692,1099200.3568972629,1099202.511131903,2579,200,0.1535403428133577,2.1542346400674433
76d69931-d97d-41ec-91fa-b89c4312fde6,a2917ffe-8d97-4a93-82c1-5c15242ac5e6,1099200.203350624,1099200.4332019251,1099202.656813878,3225,200,0.2298513010609895,2.2236119529698044
0df4c0be-173b-44de-ab07-15133ea1897a,df0f9f8a-9867-430c-98ce-3f30f838e161,1099202.203154521,1099202.642177123,1099202.880554315,5973,30,0.4390226020477712,0.23837719182483852
ce226560-2096-48b0-a247-eea7f43bf4b1,2c6c787f-ce0d-46f8-8c82-65f2ac219c19,1099200.203354015,1099200.640886184,1099202.9377320549,6310,200,0.43753216904588044,2.296845870791003
59f97429-9c59-4286-82d8-2b98f48c6eee,5f121c84-8232-44fe-909c-9a69fa9fdc9b,1099200.203359195,1099200.354957818,1099203.128105691,3015,200,0.1515986230224371,2.773147872881964
a2269f4e-2f2e-4a9e-94ac-33f68814fa51,28372a1f-07f7-48a6-8cc7-9fa100b2f8a5,1099201.203149041,1099201.261094254,1099203.5153823218,878,200,0.05794521304778755,2.2542880678083748
1f481688-21d2-4b81-bdd9-993cead7c7e5,7512566d-1690-445a-a19d-ecf10aebe311,1099201.203153651,1099201.328340458,1099203.745777609,1240,200,0.1251868070103228,2.4174371510744095
8e598ba8-173d-4ce0-8266-8fa1ea28e90a,7c29227f-2be6-4829-af6c-0582d9077aeb,1099201.203120569,1099201.957530608,1099204.252750723,6523,200,0.7544100389350206,2.295220114989206
49b451fb-d956-435e-b848-126f19a4ede0,4e54060f-b887-4a20-9057-93c4824d5c38,1099202.203158308,1099202.252743321,1099204.437350942,627,200,0.04958501295186579,2.1846076210495085
07d2a01a-cd3d-46b1-9d13-7e417fb29b03,c345f567-40a1-40e3-a7db-ec4eebc90342,1099202.203163255,1099202.3480988229,1099204.664699944,2196,200,0.14493556786328554,2.3166011210996658
e27b99f3-1d49-49a2-826d-6d9def473c91,e6b65716-92ee-4955-bcc6-66ecf37edfd1,1099202.203167455,1099202.389889621,1099204.663512298,1409,200,0.18672216590493917,2.2736226769629866
9759e20a-88fb-47c1-a82b-645141e51391,3ed7f939-1a64-4314-86e0-5d9c4a84a947,1099202.203133676,1099202.580167238,1099204.973469432,5962,200,0.3770335619337857,2.393302194075659
7e73eed2-dea1-4298-a4c3-8949d8e5aff8,a26972fd-5c20-4eee-90b4-0d0d88eabfe5,1099202.20316546,1099202.8517817848,1099205.04542009,7096,200,0.6486163248773664,2.1936383051797748
d1cfb33a-8bc8-4f71-aa68-b144e84ffb3e,b0504ddd-048b-41e3-b755-077cdf863893,1099202.203160995,1099202.5704726097,1099205.2187507257,6332,200,0.3673116147983819,2.6482781160157174
e8d4abe4-f931-4317-abfc-b7a21d073d1f,c9558e45-2a86-403d-85c0-a9d29a0abf12,1099203.20273457,1099203.6138186,1099205.300733484,5880,181,0.4110840300563723,1.686914884019643
decccb9d-b951-4333-bd01-154ca9ce5175,1154a913-bc2a-415a-8f60-85869c412d08,1099203.202731012,1099203.371167747,1099205.684007506,2535,200,0.16843673516996205,2.312839758815244
bd0402d9-1c0f-498b-bc00-4422418795e8,ac793620-cf14-4d0b-85c9-285d6602176f,1099203.202719237,1099203.730708854,1099206.0297260561,5864,200,0.5279896170832217,2.2990172021090984
f8dc7d98-c1e0-400e-a8c4-e20dbc419bed,384c381c-9e43-46bc-ae6e-f423ed8194ee,1099205.203529308,1099205.738414726,1099206.6031537459,5677,60,0.5348854179028422,0.8647390198893845
8266734b-20c9-4e5a-8041-910e06b380de,a2e343e5-52ab-4a90-be2f-a2f9fd76f526,1099204.202741548,1099204.35845594,1099206.822346995,2227,200,0.1557143919635564,2.463891054969281
c7d77874-e326-4f76-ae8c-f2793b76f85b,2d3d4654-4672-47a0-8065-8167b1e24cd1,1099206.203349462,1099206.38308092,1099206.957080388,3291,50,0.17973145795986056,0.573999468004331
721eb96f-861e-4f6b-a54b-30a8e0f17206,649f563f-c280-4cb5-a6b1-81e9567055cb,1099204.202734053,1099204.659932389,1099206.9785998948,6204,200,0.4571983360219747,2.3186675058677793
0dae4f65-9ac2-4f95-b24d-079c7a5b07ba,8e020282-5ecc-434f-b573-91c202e1468e,1099204.202719631,1099204.505666187,1099207.042894385,6273,200,0.30294655612669885,2.537228198023513
12e4d37a-2bf2-45cd-840c-274449824b86,92822c32-6058-49fd-aa9c-0152bb38bb78,1099204.202738359,1099204.8153981322,1099207.238387305,5805,200,0.6126597730908543,2.42298917286098
145fa736-ceca-4224-b2ee-92e75bc3ebe7,9e3c8867-59dc-4f49-8675-cc60714855dc,1099206.203366142,1099206.533925297,1099207.3284443119,3722,57,0.33055915497243404,0.7945190148893744
9f8dff5f-fafb-40da-968d-9f5f27293312,ab6b6010-d85a-42ba-af90-ea7abb5ace34,1099206.203334283,1099206.24672548,1099208.654304394,619,200,0.043391196988523006,2.407578913960606
9a594dde-9f76-40a7-9c84-229fa0e42495,3df895ed-3731-4a8d-b4ab-71cc1de11695,1099206.203357316,1099206.363388193,1099208.7281181992,3008,200,0.16003087698481977,2.364730006083846
950880c4-838e-481f-9bc4-a0559c138172,23ee0cbe-2b7a-408b-9469-e2b3dc42f35f,1099207.202979717,1099207.6000386,1099208.907489125,6299,77,0.3970588829834014,1.3074505249969661
cb436fed-049d-4b54-8e16-c68e529958fa,c5c63911-9805-4346-a627-b123c84bf691,1099206.203353935,1099206.646575362,1099208.9787842298,6053,200,0.44322142703458667,2.3322088678833097
3c5b8d0f-751e-4009-a561-924ada1a44a6,650b104b-2cbd-4304-ab8c-0935cf2bbab7,1099208.203011694,1099208.434176216,1099209.0064014308,4235,37,0.23116452200338244,0.5722252149134874
e84064e9-fded-44c6-b094-ded69156505d,02e62337-ed7a-4bd2-a1e6-766865751cd0,1099206.203360545,1099206.349070457,1099209.0965548,2086,200,0.14570991205982864,2.7474843428935856
952c3b97-2c8d-402f-8e14-1aff9cdca754,89cf2e96-a828-4fa8-862d-c0d888d66892,1099207.202970193,1099207.618672346,1099209.232756956,3899,111,0.4157021529972553,1.6140846100170165
84911ec5-35d0-494e-adc7-08b39846df7f,3b426e11-6474-4ca6-8e48-9e80b18cd736,1099206.203363534,1099206.7294012061,1099209.431966969,6163,200,0.5260376720689237,2.7025657629128546
ea1b417d-491c-4b67-b14b-43c3553a39ea,016dd4b2-29b2-4b1e-8e7a-9002ec0e19e8,1099207.202972661,1099207.40071386,1099209.890503769,2056,200,0.1977411990519613,2.489789908984676
57007999-193f-4c42-a281-8559418aeaee,2e90c9d3-0cc0-431a-a190-712898af6e66,1099207.202975188,1099207.719262689,1099209.9694669018,5970,200,0.5162875009700656,2.250204212963581
3e3da108-062b-4237-ae5d-d9eb7ed964d8,99cf908c-ea9c-4c6d-abb5-12c7195290fb,1099207.202954278,1099207.52122127,1099209.973007906,6435,200,0.31826699199154973,2.4517866359092295
e3e0b7af-48a2-4b6b-8b29-45db366c6c22,ca330d28-a7ef-4a25-a6cc-51578e715514,1099207.202977473,1099207.51236742,1099210.205359239,6109,200,0.3093899469822645,2.6929918189998716
a93991b2-5b36-4e05-ad8c-f404f4496053,5ed4452c-5532-4892-9185-a08650850ceb,1099207.202966583,1099208.022666097,1099210.739792648,6352,200,0.8196995139587671,2.7171265510842204
4af8e076-5a1b-4693-8e12-f72062fbd1c7,e0272631-07dc-4f1b-b5ab-7f974c0e6139,1099208.202992768,1099208.5654588689,1099210.824450418,4772,200,0.3624661008361727,2.2589915490243584
0b7d8886-4304-49b4-861b-77081d6b8503,f3b6de5c-404c-4234-843a-c5a9646cfa64,1099208.203014845,1099208.4589227343,1099211.0157249852,4339,200,0.2559078892227262,2.5568022509105504
671efa6b-c356-45b3-801a-ca1ee124dbb2,13c8030e-be08-44bc-b1d5-1304416e7a6e,1099208.20300718,1099208.6610143501,1099211.447037518,5925,200,0.45800717012025416,2.7860231678932905
0b7d81f2-bf4b-4c7e-b210-4a64a0d7989c,45eb3780-6fbc-4e95-b095-04211b3f96a5,1099209.203453443,1099209.304198502,1099211.7627391361,1053,200,0.10074505908414721,2.4585406340193003
d9b45a81-5c62-4531-a577-0ef1edfad044,4a8c5b6b-e155-42ad-badf-17b8d48d8aa9,1099209.203447552,1099209.438318857,1099211.781267893,4547,200,0.2348713050596416,2.3429490360431373
7398b8fa-d219-4592-bb25-a4ce1275c94f,0a292c2d-a16c-463f-8328-8918f0e015aa,1099210.203248387,1099210.344475666,1099211.8328628691,2077,131,0.14122727909125388,1.4883872030768543
6f8c08e5-08e7-40fa-b1a3-ad4819b2a6b3,451863a8-c37a-4460-987d-185a07fcf9bd,1099209.203451055,1099209.6565012762,1099211.922464322,6622,200,0.45305022108368576,2.2659630458801985
cf6d71fe-7f7e-4843-bafe-acfefe71f898,b2a2aa59-caa5-4e99-8596-8ed2be72bbe6,1099209.203436025,1099209.665213578,1099212.0226817918,5441,200,0.46177755296230316,2.3574682138860226
35cda350-abd8-4b51-9b4e-87f4de0163e8,b654d5e6-e3eb-4dbc-aa01-60dee8fba52e,1099210.203230022,1099210.435615477,1099212.530962565,2928,200,0.23238545493222773,2.0953470880631357
cbef89ef-447b-4916-8a96-a05f094c44dd,d846d4b2-4867-4720-9892-d49f8c7696e6,1099210.203245454,1099210.389033089,1099212.624800757,2847,200,0.18578763492405415,2.2357676681131124
fb8a55c9-f87e-44f7-afa2-0aa1d636502b,452a745c-ac46-4f34-b215-56354ca1b125,1099210.203253886,1099210.431304433,1099212.6843119469,4658,189,0.2280505469534546,2.253007513936609
3a8f1afc-e39d-4f20-98c7-cf658bc6d939,6f63a0ec-64b3-4d1a-9be0-a212dd89aac0,1099210.20325141,1099210.36416453,1099212.7786740821,3015,200,0.16091312002390623,2.414509552065283
f796910d-0ad9-4541-80a5-f0770bac60ea,b4c5b5ea-ee65-4239-bc1f-6b1f8a4f5a2a,1099211.202901729,1099211.261142791,1099212.919824769,1000,134,0.05824106209911406,1.6586819780059159
00700492-8e5d-4cd7-a01c-6f4d11a00ceb,5dd975b0-30ab-46b6-96e0-39b315e33c7d,1099210.203242131,1099210.5463954972,1099212.9605581162,5788,200,0.34315336612053216,2.4141626190394163
ca9cf3fd-b243-46a6-9cac-e9e74038e023,c7dd51fb-3966-4c0d-8619-1b4983c7d99b,1099211.202904594,1099211.4562028127,1099212.9845388618,5094,127,0.25329821882769465,1.5283360490575433
f896c49e-cdae-4907-adf2-7622a6968b25,3467dee3-2b4a-4201-afb4-3a253af3f2f2,1099211.202886396,1099211.2933468092,1099213.4884025482,727,200,0.09046041313558817,2.1950557390227914
f94a0881-e725-4fa2-b7fe-67f6369b25e7,6badb635-12b1-45cb-9019-63670c999c17,1099211.2028979,1099211.5666399358,1099213.582438615,3900,200,0.3637420358136296,2.015798679087311
6fcbea75-28ad-4d82-af16-e26925218ae7,bbcd387e-2da3-42b3-a203-5b94806d5f04,1099212.203314323,1099212.408789476,1099214.187972582,4081,200,0.20547515293583274,1.7791831060312688
9000436e-3ee9-4934-a31e-f48e1d9dbb4a,c7344d02-17ce-4505-8d92-ada61240d9c1,1099212.203316953,1099212.3710762642,1099214.395878237,3194,200,0.1677593111526221,2.0248019727878273
f0908ec4-0353-4f02-8e17-9f14b3df6727,83bb93d5-935c-47c5-ad10-6b74cc73f69a,1099212.203299139,1099212.623298519,1099214.418693196,6057,200,0.4199993801303208,1.795394676970318
8ba432a7-8252-4c12-ba50-4c9f8274e9a8,0e78f555-d2c5-4fe2-81d1-9a7530f75bf4,1099214.202883212,1099214.412033413,1099214.988797819,3883,38,0.20915020117536187,0.5767644059378654
5da96bdb-1181-4dbc-ad7c-eac928ca5442,35a350e6-5c09-45ec-ac26-6aed20e7c7f5,1099212.203310533,1099212.538636081,1099215.192682349,6391,200,0.3353255479596555,2.654046267969534
b6c8c21a-095f-430a-aeb9-4f8759f2d81a,1ce0cc43-25d2-46e0-91e4-43901076cdf9,1099213.202668759,1099213.466910829,1099215.3209186671,3345,200,0.2642420700285584,1.8540078380610794
44044134-abec-4208-8cf7-7c22d7147c8c,10a77566-30c0-4a98-b443-a2bb542d4dba,1099213.20266613,1099213.7214707797,1099215.3373783918,5642,146,0.5188046498224139,1.6159076120238751
566af696-bcee-4356-a486-d3608d6ee8ab,3d7c75b0-1e1d-4eb3-aac3-ba4080d6570f,1099213.202663063,1099213.3631355222,1099215.4510544792,3064,200,0.16047245915979147,2.087918956996873
8370de6f-99e1-4114-93ef-3abe7b553812,b4a94ea5-376e-4be1-9fd2-48c7486ef854,1099213.202670871,1099213.3281421561,1099215.5491867731,1779,200,0.12547128507867455,2.221044617006555
d59511a4-2dda-464a-910a-9834b046c2d1,a49d24aa-32c1-4fd9-8039-e95dd8e8abd7,1099213.202650888,1099213.4902666628,1099215.995712753,5849,200,0.2876157748978585,2.5054460901301354
15d928ea-b419-4de1-8f9b-3f4936ca3832,d4cacfff-d5be-4fc4-86c3-ca3c2c799d9e,1099213.202673118,1099213.4266064712,1099216.11453055,4195,200,0.22393335308879614,2.6879240788985044
ca8ef18d-6382-4303-8613-7e8805c781b0,a5fcfe4e-eb51-4ac0-b8bc-d87496e3d9cb,1099214.20290132,1099214.368490728,1099216.556651182,2760,200,0.16558940801769495,2.1881604539230466
c3b055bf-368a-43b3-be59-f3258593dcc8,3bbe86ed-d7cf-4231-9539-29db62dc29f1,1099214.202895387,1099214.299880384,1099216.562146094,843,200,0.09698499692603946,2.2622657099273056
4963e8c7-603d-4f6a-8325-f0b2b87f6b52,19c30b89-49e6-4785-b4ec-da68e367d4ae,1099214.202898557,1099214.6538530511,1099216.769802334,6494,200,0.4509544940665364,2.115949282888323
2fff0ca3-d74e-451c-a39d-f74b793a7bfe,e7803957-8926-462a-a31e-30cdb1c9ec2d,1099216.202595767,1099216.694874918,1099217.6197488683,3780,78,0.4922791509889066,0.9248739501927048
4c6300f4-f0b0-4ed1-a97a-9b78e458c7c4,d6c6ecce-7613-4cc5-89c7-46de6050a111,1099215.203072801,1099215.320679065,1099217.6441222702,1339,200,0.11760626407340169,2.3234432050958276
4db4b6e1-7e16-442f-9cb3-418824a6a13e,2578c165-88d2-4fcf-8239-ee23a11cde02,1099214.202903927,1099214.9104726221,1099217.686637293,6469,200,0.707568695070222,2.7761646709404886
b0a1c25a-2c66-4a09-9748-ea4f82a20c44,d81300c0-9e09-45d8-84f5-e342f80ca6d0,1099217.203264064,1099217.312401859,1099217.941638593,1406,51,0.1091377951670438,0.6292367340065539
bcc0047f-1181-4306-b225-244e5a5e5bba,799c1417-591d-41ce-b052-4d152da895db,1099215.203087271,1099215.5741921528,1099218.143086996,6169,200,0.37110488186590374,2.5688948431052268
d2dc800c-ce1c-4c7d-9da7-085332ee82d6,33dc18f9-e1dd-4050-ba46-e0d05a421864,1099218.203549289,1099218.4556938258,1099218.678173669,3584,19,0.252144536934793,0.22247984306886792
842442e9-e76a-42c6-a132-2d60225d94e5,9fd9f898-9cfd-457b-adfe-707b66258b3d,1099215.203084214,1099215.8645073809,1099218.818051992,7073,200,0.6614231669809669,2.9535446111112833
d672d3be-7c1f-4084-b22b-07399c54ac26,e4e85b75-22d5-46e6-ac0e-0e0da50d1aab,1099218.203566277,1099218.296759866,1099218.8790934219,929,49,0.09319358901120722,0.5823335559107363
fbef440a-900f-4286-93d3-096b3fa7d32f,5ed43ab5-6e62-46fc-a695-99d4cb7b0dcc,1099216.202600314,1099216.904651307,1099219.129668866,6515,179,0.7020509929861873,2.2250175590161234
d8d28eca-7310-4620-bb34-66d0ece294e3,8868955d-393a-449e-93f9-9cf09615a9cf,1099217.203257592,1099217.361770843,1099219.181904051,1971,184,0.15851325099356472,1.8201332080643624
a8b029ff-2d07-4f02-895b-9d5a294e0e8a,b08a97a6-f8e0-4014-92ec-ad1af8ba590e,1099217.203231369,1099217.5877651079,1099219.4186395,6397,185,0.38453373895026743,1.8308743920642883
0780b64d-2d85-4ec8-bc57-0f9950be6929,2837df08-d441-40c9-a309-8d7d55e0a257,1099217.203270489,1099217.489542945,1099219.671210361,2730,200,0.28627245617099106,2.1816674158908427
9d3f12ea-2981-4c4e-bd42-d2fd24daf277,c5e80430-d231-4b4b-ba36-b8fdc718933a,1099216.202581493,1099216.6073359288,1099219.6589656188,2405,200,0.4047544358763844,3.051629689987749
57b80357-dad0-4097-b012-5e48f054c8a3,f27570f5-c473-4259-ba07-f87fff5089de,1099217.203267357,1099217.352600693,1099219.727924281,2041,200,0.14933333592489362,2.37532358802855
1abe1f3c-7634-47a4-8c01-0ca259e3e3da,f3c7b4af-4cc8-4b3c-8d1a-85880e5521c2,1099217.203274064,1099217.486974243,1099219.773848532,1926,200,0.28370017907582223,2.286874288925901
caf5d09d-e61b-4798-8ae1-eac0c9afe1e3,33e1e879-a9b2-42f0-b1cb-4f3cf8e6b433,1099217.203276958,1099217.613676277,1099219.794078452,5982,200,0.41039931890554726,2.1804021750576794
b1004c2d-ae30-4d3b-bf31-882468917263,edf00561-d5fd-43db-891d-a57747fab3fc,1099217.203260971,1099217.527491943,1099219.841356702,6135,188,0.3242309719789773,2.3138647589366883
deb51c89-29d5-4343-b343-01438b861e60,15fbccdc-7622-4cd8-b468-066ca318efea,1099216.202603529,1099217.084488208,1099219.881367265,6467,200,0.8818846789654344,2.7968790570739657
3466b078-a574-4f1c-babb-6d0b436078cb,ba02e545-eecd-490c-8274-c4a5f6d03e12,1099217.203252758,1099218.0639304838,1099220.2426558968,6360,200,0.8606777258682996,2.1787254130467772
ae600f92-6d89-4a0e-9419-76f30c4dd2c5,ad6e0805-854b-4ad4-b718-81d6c8218f27,1099218.203560344,1099218.565408571,1099220.702214864,4761,200,0.36184822698123753,2.1368062931578606
bec30208-98c2-45ac-bac2-1548059834d5,0063e1c2-efc9-4319-b73c-26561d65a9f4,1099218.203563553,1099218.607283479,1099221.016999857,6286,200,0.4037199260201305,2.409716377966106
c693030e-2ff2-41ef-97ce-9346fb12e205,851ec4df-1273-45c0-a684-cb6d2d9ada81,1099219.203482574,1099219.4518254532,1099221.4258858631,4455,200,0.2483428791165352,1.9740604099351913
d746c336-3eff-4046-ac58-bf190abe8a4b,7981de4b-b38c-4779-9333-92692204b4e4,1099219.203488389,1099219.326693612,1099221.556405047,2239,200,0.12320522288791835,2.2297114350367337
5ea562c3-098e-408d-8b38-0b3369829e86,e4e2e608-ce54-4ee6-8651-29dcfd54dc86,1099219.203457243,1099219.296600291,1099221.671901643,1745,200,0.09314304799772799,2.3753013520035893
52e92867-a805-433b-81f0-6c43a4ae5ecb,33cf4974-3a90-4987-86e1-7c8c5d8040df,1099219.203485996,1099219.348695768,1099221.6986083859,2375,200,0.14520977204665542,2.3499126178212464
8a9ae84c-987b-4e32-9903-519c5dd437cb,145e5f0d-7ea8-47b9-b4c3-c7f6cf51725e,1099221.202788908,1099221.449028595,1099222.379946,3209,75,0.24623968685045838,0.9309174050576985
404d4064-6f01-498d-9870-158c0074bc86,08648f01-3d60-4970-b1a8-6c2826c616cf,1099220.203153551,1099220.5926327882,1099222.4273520291,6445,200,0.3894792371429503,1.8347192408982664
f9bc10b0-4bee-432b-a318-0eea362a04e2,b43a54be-56bf-4383-90c8-2237a54a894d,1099220.203135761,1099220.401910586,1099222.644814026,3680,200,0.19877482508309186,2.2429034400265664
66b402b2-eb95-42e0-b351-3688547fecaa,f4ce3a5f-61fc-46ac-b8d6-7237cfa94dd8,1099220.203165372,1099220.3792731848,1099222.703515237,2398,200,0.1761078129056841,2.324242052156478
a151dd43-3a91-4368-ae77-96694855f303,eee60849-6a21-4615-8b42-be632d4dfff0,1099220.20316843,1099220.7832484448,1099222.801807388,6332,186,0.5800800148863345,2.0185589431785047
1a50d1e4-89cb-4f5b-b9fc-5db6709023a2,a7758bec-806e-4d96-b9cc-e29230be64b1,1099220.203159843,1099220.345106482,1099222.821869817,373,200,0.14194663893431425,2.476763335056603
1a24bc80-51ed-4608-a1b2-51bc9e9f565d,05c9a37c-7cb7-46e2-9554-dc0d1ad6af70,1099220.203149325,1099220.5636934869,1099222.8405847219,6407,200,0.36054416187107563,2.276891235029325
8baadcc6-26df-4805-9c08-a23409f34947,a66219a5-0bf0-499e-8da4-6217f9feef08,1099220.203162771,1099220.312262237,1099222.86106775,1484,179,0.10909946612082422,2.5488055129535496
01a3dea7-7974-4a77-8520-72b0bcaf6688,abea0846-5b48-41dc-b9bf-d5bea8fa1a2b,1099220.203156637,1099220.322508634,1099222.871139564,1678,200,0.11935199704021215,2.54863093001768
a6ff77a4-a01a-41bc-ae0e-f583eb481572,e88b1149-8f9c-4867-9db5-96d87443c927,1099220.203171205,1099220.478359333,1099223.035391968,3318,200,0.27518812799826264,2.5570326349698007
76ea96c7-f6ad-4fc9-a8f1-df072daa08ba,0ea7eebf-4e91-49b7-886d-7fde689bef99,1099221.202792355,1099221.3762276692,1099223.2289622982,3473,200,0.17343531409278512,1.8527346290647984
4afdbd47-9574-4af2-8ae7-5bdf1b342dee,911d7352-a7c8-4221-994f-575ec976f2e6,1099223.203277824,1099223.353222373,1099223.704958624,2564,28,0.14994454896077514,0.3517362510319799
41bf0e6c-16f6-407b-b539-ddff6dd3f3c7,c6b975b3-883d-4959-9258-7d41be847c3b,1099221.202776375,1099221.6361770488,1099223.7843677418,6097,200,0.43340067379176617,2.148190692998469
2a510f8d-f4c8-4356-b2fd-01b79584a596,38274d58-563a-4896-ae8c-7920e3737a7e,1099222.203046798,1099222.372328087,1099223.893410553,2939,150,0.16928128898143768,1.5210824660025537
c7770bdc-09a3-405d-b016-24bbdfd62679,67051a1d-89a2-4ed0-8ddd-2edca032ecdb,1099221.202795317,1099221.505108947,1099224.1868087598,6299,200,0.3023136300034821,2.6816998128779233
913f26f3-407b-4ff3-b45b-7caee6bacec2,b4c5b5ea-ee65-4239-bc1f-6b1f8a4f5a2a,1099223.203268442,1099223.291493894,1099224.3939662112,980,121,0.08822545199654996,1.1024723171722144
c859cd55-6a0c-45e9-ac63-c13c16137733,8094c720-081f-4a98-aca9-d83abaec4c87,1099222.203059522,1099222.351703032,1099224.423650388,2439,200,0.1486435099504888,2.071947355987504
0fb8a8fd-58ed-4701-be5d-a7d85a193caa,ddb1b982-2da3-4da3-a8e6-a3ce2b95f759,1099222.203051545,1099222.305236361,1099224.465285498,941,200,0.10218481603078544,2.160049136960879
98f5d45e-be92-4a97-86cd-0c7f825c998a,2eef5030-8e4f-48f7-87c0-c4672c479dbb,1099222.203032758,1099222.537756842,1099224.488430273,6519,200,0.3347240840084851,1.9506734309252352
e3ddc0f5-369e-4db2-af99-2747cf24b31a,9241e5d4-7685-47e9-8f12-d51806022933,1099222.203055708,1099222.668780855,1099224.6891379638,5529,200,0.4657251469325274,2.020357108907774
4d9693f4-1ca5-425c-85e2-fd9d935a95a4,39ab0541-81ed-4fce-99b0-095de4cec58b,1099223.20326198,1099223.384663179,1099225.1432853811,3884,200,0.18140119896270335,1.758622202090919
59304a20-4211-433a-a64f-0eaff291b588,3b187a2d-275c-495a-833c-75272901b9ca,1099223.203245929,1099223.3174594631,1099225.35627835,2226,200,0.11421353416517377,2.0388188869692385
27336c5a-cee3-44da-8004-466e909110c2,baf92ccf-5953-4cbe-bea1-e5e4ec4f48f1,1099223.203282492,1099223.50175486,1099225.689177933,3783,200,0.2984723679255694,2.1874230729881674
0a8f4eeb-361b-42c2-8b26-6a7194c0b8b3,d0cc8fed-2a8e-48e8-91db-ebb573e1adc3,1099223.203273402,1099223.34266428,1099226.0326043959,2453,200,0.13939087791368365,2.689940115902573
17d4584e-c07a-4b0b-bf5d-305a29fb8a43,21aff5d2-52eb-4393-97d6-cc63d6a99afd,1099225.202560609,1099225.809157609,1099226.2876573591,6254,24,0.606597000034526,0.4784997501410544
d896c3fa-0279-4f29-af4b-6616096a87d9,7566167e-bf47-4f1f-b7d0-e3cef448181a,1099224.203372543,1099224.451845847,1099226.32760227,2374,200,0.24847330409102142,1.8757564229890704
7f038db6-3f0b-4d2c-b48a-54b48488e882,bf8e8e18-4cb2-418f-891c-f4f1f6372ac2,1099224.203359804,1099224.2891038551,1099226.72416347,1369,200,0.08574405102990568,2.435059614945203
fa70638a-84fc-4507-8d47-33ea0cbaeb5a,d15044b7-c396-404e-998e-93e71a743f28,1099224.203378336,1099224.375283311,1099226.779217871,3000,200,0.17190497484989464,2.4039345600176603
50b5db42-99ac-4418-98e2-a56959f87ec5,5fcd7bbd-da7e-4afa-95ef-18c316df5c14,1099224.203375971,1099224.650460731,1099227.1181248908,6363,200,0.4470847600605339,2.467664159834385
3f03949c-5ffc-46f2-8dab-842746e84505,086d9db4-5996-4535-986e-525ff4b4a80d,1099226.202818632,1099226.5342489248,1099227.1321145347,3152,60,0.3314302929211408,0.5978656099177897
7d497c8e-631d-4fa5-bfa2-5137b22c36e8,df0f9f8a-9867-430c-98ce-3f30f838e161,1099225.202566657,1099225.924676657,1099227.217276731,5971,98,0.7221099999733269,1.2926000740844756
ffc49450-83dc-4eb6-956d-9b8c40e20da6,b9a1c60e-769e-4d7c-9bcd-7c30c553b14c,1099225.202548401,1099225.6497426669,1099227.3313946798,6432,146,0.44719426590017974,1.6816520129796118
828362c5-748e-4dc9-bd1c-aefc718bb732,67758644-12b8-4d98-b640-a9e8ac069351,1099225.202571415,1099225.2840889853,1099227.3761083852,726,200,0.08151757018640637,2.092019399860874
0a6745b3-f332-4670-a892-1206d2a21f2d,c49def02-d591-4de2-b5b8-5d6d36f9f1a4,1099225.202573431,1099225.402042324,1099227.459013554,3300,200,0.1994688929989934,2.0569712300784886
585ae5f1-4171-482a-b377-2f2c4e79ae5a,cdd2a742-ff94-4dc8-beb3-2e36c6461a19,1099225.202577994,1099225.470972681,1099227.71646154,4192,200,0.268394686980173,2.2454888590145856
578243d4-d7a7-4673-a799-85454921224d,e7803957-8926-462a-a31e-30cdb1c9ec2d,1099227.203448536,1099227.392251305,1099227.856430593,3759,49,0.18880276894196868,0.4641792878974229
d2cf1944-bf3f-4ac7-aaee-e4d33aa240d7,41d72990-c4f9-4f15-a3a5-0d6b55ca3bc4,1099225.202563864,1099225.630342896,1099228.210622031,1458,200,0.42777903215028346,2.5802791349124163
23986416-0dfe-49bc-ac12-32d085669f8a,78cd1186-1eef-46ee-8b61-c9af4f4d299a,1099226.202823825,1099226.305981247,1099228.2496461698,1642,200,0.10315742203965783,1.9436649228446186
76b6ffc5-9262-435e-875a-2182e592a477,a24e58f2-2110-4c13-b7a6-ccba1267dbc0,1099225.202569006,1099225.719329285,1099228.27919126,3400,200,0.5167602789588273,2.559861975023523
1fbbbe26-5fea-42d6-82da-e9a546669405,f59505d6-2c8a-4269-b06b-4a09a34c57e0,1099225.202575761,1099225.8499257907,1099228.3835224737,5887,200,0.6473500297870487,2.5335966830607504
5ba33da7-804e-4f25-aaac-b07515ac9df0,161520fe-b2a7-4765-9cec-8d3bd6da2327,1099226.202826251,1099226.472475363,1099228.552515485,4818,200,0.26964911189861596,2.080040122149512
adc410fe-3560-418b-9395-0eb71efd3b76,f8ab9d2b-deca-482c-8981-3b28f5058d06,1099225.202580018,1099226.040921906,1099228.577214146,4821,200,0.8383418880403042,2.536292240023613
f75c3434-61d5-48b8-9620-4c82fc9710d0,bc1de8c2-a6ae-4eed-92df-8609cafce1c4,1099226.202828522,1099226.3485674972,1099228.647466331,2228,200,0.14573897514492273,2.2988988338038325
eb5eeba1-9de2-44c4-aeac-66692dab6754,abc0c6cc-0bfe-4666-83e8-64b03ca4efa9,1099226.202821278,1099226.432531155,1099228.673732196,3197,200,0.22970987693406641,2.2412010410334915
98ecb8ae-2df8-4ea0-a7cb-8c801a878752,4d521c1a-e923-4d34-b1ce-dd029b7cc843,1099226.202803384,1099226.277013546,1099228.861444788,970,200,0.07421016204170883,2.5844312419649214
a04349a5-4ab0-4318-af1e-fa95c0d7bde5,1154a913-bc2a-415a-8f60-85869c412d08,1099226.202815389,1099226.449984724,1099228.925086791,2719,200,0.2471693349070847,2.4751020669937134
673ed89c-cad5-4c74-9eba-584f013483e0,1f0fad5b-37c5-4e11-a11c-2ae6408acc27,1099227.203475421,1099227.40062991,1099229.665771324,947,200,0.19715448888018727,2.26514141401276
3bc865b5-8b72-441c-9c9e-758df209b161,e4e85b75-22d5-46e6-ac0e-0e0da50d1aab,1099229.203417784,1099229.309643254,1099229.769254912,993,23,0.10622546984814107,0.4596116580069065
b45136b9-637b-49dd-b95c-a94e40303bf2,5b7afdee-bc23-4cea-8c95-ee1786504a83,1099229.203434523,1099229.6448976,1099230.0628959879,4503,57,0.4414630769751966,0.4179983879439533
1fdbe319-1291-4240-b120-0cfe468a7985,572c2839-ba50-43b8-b7b0-0bf23c8d57dd,1099227.203481379,1099227.7280400968,1099230.1020302598,5622,200,0.5245587178505957,2.3739901629742235
c55daa07-b364-489a-87d4-e7cd6e661eac,3ceab0ba-5330-4fd0-bbfe-5682ea55d910,1099227.203478774,1099227.549264142,1099230.243997289,6231,200,0.3457853680010885,2.694733147043735
b5984fbf-6dfc-4ec6-b1dd-f5dccbc2e19d,5af26803-465f-4efa-ae1e-28fcc54ee796,1099229.203425005,1099229.6492728062,1099230.9920710202,801,99,0.44584780116565526,1.3427982139401138
d80c4d2d-9817-4048-a265-3ae30ab8f6b3,4d35524b-b5f4-4841-84b1-db05ed40f78f,1099228.20272203,1099228.9619692839,1099231.0882094519,7025,200,0.7592472538817674,2.12624016799964
1d195521-f7d9-4d93-b3e7-846511b1f9db,2cd9f398-23c1-4f32-aea2-8dac6a11d683,1099229.203399444,1099229.333344617,1099231.526549494,1652,200,0.12994517292827368,2.1932048769667745
0d3a6b98-0cc2-40d6-b040-a425b9d446b4,d0e91c45-b812-4570-8897-580d82fac103,1099229.203422797,1099229.653880159,1099231.6966596728,6142,200,0.45045736199244857,2.042779513867572
4b719508-db85-4cff-9bf7-5f0e15d7c2d8,11ed2698-a70a-4704-b64c-933c1e3f5226,1099229.203415197,1099229.790668529,1099231.899464919,5924,200,0.5872533319052309,2.1087963900063187
f48e93d4-5b7f-413a-ba22-47f49c021810,e6b5aa5a-f8c4-40a5-83af-81b226cb08c3,1099229.203427394,1099229.66981562,1099231.923289173,6002,200,0.4663882260210812,2.2534735531080514
ec7238b1-750d-4a91-b273-ff696c7fcad8,02fdc58c-4081-4c4f-b08f-be89fc1991ff,1099231.203363509,1099231.39586429,1099231.966676217,2920,46,0.19250078103505075,0.5708119270857424
1a290970-f855-4a84-944c-e80e72cd1c31,10a77566-30c0-4a98-b443-a2bb542d4dba,1099229.203411605,1099229.653491795,1099232.130907451,5658,200,0.4500801900867373,2.477415655972436
d0300073-3272-45fc-87af-04fd7edb28d5,93032404-55d8-44ff-94c1-e83b4adf4b3c,1099229.203420204,1099229.654115679,1099232.230537056,6408,200,0.450695474864915,2.5764213770162314
6c043ab2-b39d-4547-938c-8bfbd5ee34a5,c40ff6c2-61d2-42ae-a09a-e2b819365e0d,1099231.20334904,1099231.780465144,1099232.341573675,6377,65,0.5771161040756851,0.5611085309647024
a8a3cedd-44ec-41b6-9b0d-211a8644037c,e4a9abbe-0d10-482c-9e14-ba6fe5099a3e,1099229.203436554,1099229.474012571,1099232.3416652468,4270,200,0.2705760169774294,2.8676526758354157
fff5c2a1-4b28-4075-a222-43b0f418a43f,a37337b3-4345-44c2-99d0-bd4fa96c3614,1099229.203432007,1099229.8900120552,1099232.401326758,5791,200,0.6865800481755286,2.511314702918753
c272344d-6ac7-4ec1-a17b-b1a7797b913a,e6637aa4-3c0e-4683-beb9-6bdb1f923cdc,1099229.203429743,1099229.685040906,1099232.780281988,6714,200,0.48161116312257946,3.0952410819008946
179fe447-7bf2-4599-b25f-1e4222926403,e5f863e9-3a7b-4d7a-bdd2-60bc8ad6448d,1099230.20282101,1099230.503957958,1099232.889186543,5945,200,0.3011369479354471,2.38522858498618
daa697ab-94df-4692-968a-9bdb43fd279b,3e00352b-6285-4cdc-8dfc-1d1702987206,1099230.202833081,1099230.582706712,1099232.9597274438,6357,200,0.37987363105639815,2.377020731801167
a0e97353-b592-48ac-92aa-a37fe2f09649,54d11fb0-e397-4273-8b83-8a5523a7ebef,1099230.202836718,1099230.754430792,1099233.050632953,6127,200,0.5515940741170198,2.296202160883695
a12faf2a-b3f5-486d-8850-b508139c673b,68d4f502-0f47-4b6f-be7e-d4ea6c5ea47d,1099231.203360592,1099231.41481348,1099233.141941124,3514,174,0.21145288809202611,1.727127644000575
df9c9404-c65c-4b8e-a4bb-7b78f74b27a4,743528ce-8ff5-4c63-8df5-2e9b0703cc0a,1099232.202905963,1099232.5049530698,1099233.222449852,4029,66,0.30204710690304637,0.7174967820756137
b645f70d-8d57-42e2-ac19-0cf65fb4b0a8,db0d8031-9380-4fe2-8061-0b305834b36e,1099231.203345958,1099231.301132614,1099233.572409923,673,200,0.0977866561152041,2.2712773089297116
9d8f006b-d60f-4cb3-91bf-17144003a143,8162980e-e365-418d-87c3-2d53058fb7f2,1099230.202839363,1099230.490116448,1099233.631632314,6183,200,0.2872770850080997,3.141515866154805
40114e73-4fe2-4440-912a-6eb84730b24e,c6e38f2b-0d99-430b-8e69-70df034e0023,1099231.20334167,1099231.500946763,1099233.682525254,5975,200,0.29760509287007153,2.1815784911159426
59f82a64-5557-48cb-9838-04fb155b72ce,0e701727-8a9d-4ce8-87a9-9931a1476227,1099231.203354871,1099231.5219297428,1099233.805020128,6257,200,0.3185748718678951,2.283090385142714
b4b481af-5225-4a51-bd61-5e95233796ed,346884c6-d766-4ec5-aa72-7b2d60af0395,1099231.203366927,1099231.6591288552,1099233.9237027452,6793,200,0.4557619281113148,2.2645738900173455
db1e7107-02ed-4fe6-b0fb-5a81e8aa2d96,64067c58-b338-48a4-85e4-99a236b0af21,1099232.202917519,1099232.326342496,1099234.193328177,1413,187,0.12342497706413269,1.866985681001097
34042b10-cdd6-481c-a8ec-ad15c76fdeec,b654d5e6-e3eb-4dbc-aa01-60dee8fba52e,1099231.203357871,1099231.4829570057,1099234.4639427308,2928,200,0.2795991348102689,2.9809857250656933
a538a062-d9d5-4753-a6ef-181d3811ec87,8ca7cf43-4763-434f-9f7e-0cbad9b2b4eb,1099232.202922778,1099232.266969257,1099234.662361236,952,200,0.06404647906310856,2.3953919790219516
27953247-7002-458e-b0f8-9fc8a208894c,2a1bf603-2bcc-4001-9fbd-8c61855c48e1,1099231.203351833,1099231.8203722879,1099234.6614550638,6870,200,0.6170204549562186,2.841082775965333
7f4712af-4ae9-4c3a-b2ff-a6ea2ff3b4eb,92e9c4f3-5a88-45b5-bba4-0d7a61180e52,1099231.203328146,1099231.7035414649,1099234.6648445658,6514,200,0.5002133189700544,2.9613031009212136
cf0be946-cbd2-433d-82e2-9f62efe200e3,07f0c3ff-5938-4755-a9a6-43ea470fbb04,1099232.202920786,1099232.3486948072,1099234.833728967,1920,200,0.14577402104623616,2.485034159850329
bddd4218-2ab6-4b12-b87e-40e09d0cee4f,a49d24aa-32c1-4fd9-8039-e95dd8e8abd7,1099234.202929419,1099234.649757545,1099235.190649675,5849,60,0.44682812597602606,0.5408921299967915
ab439f61-c550-4d16-9a0a-26408d7a6d2a,b1506650-c796-427f-84ec-42b45a69bfd0,1099235.203551205,1099235.3612619902,1099235.6366012832,1894,18,0.15771078504621983,0.2753392930608243
1fb10763-47e3-4e53-b95a-1b37119e92ca,2de8f2d6-66ab-4a07-90f9-203b01c54d88,1099233.202519977,1099233.57065665,1099235.810674923,6244,200,0.3681366730015725,2.240018273005262
bca4b695-30f5-408e-b1b6-a330864fd364,12ed77b0-f0e1-4d6e-912d-ddc62a0ba391,1099235.203586949,1099235.753755024,1099235.990761481,6417,19,0.5501680749002844,0.2370064570568502
4c85cef5-5426-404e-8055-d7d5b477263c,19f43658-6e28-40df-86e4-150602676f7f,1099234.202924614,1099234.286998267,1099236.695489969,422,200,0.0840736529789865,2.4084917020518333
579971af-03bf-4417-9f1a-37a656383559,3467dee3-2b4a-4201-afb4-3a253af3f2f2,1099234.202932669,1099234.279366499,1099236.702264817,842,200,0.07643382996320724,2.422898317920044
d14887c5-01d1-4b5d-9cf7-1bd0efcaa30c,46069f9b-7998-4d3c-b75a-5b5e1e66993a,1099234.202910353,1099234.443379262,1099236.7319169058,4939,200,0.24046890903264284,2.2885376438498497
46656af7-fbb5-4d50-aa8e-3d5005651fa8,e62f3f98-5d83-4b9e-9c7d-fc428edf1181,1099235.203576048,1099235.7348021609,1099236.8347241047,6482,48,0.531226112972945,1.099921943852678
dc41bde2-7177-4294-8209-65ece6de723d,f83a6d5d-465c-4ff0-bc0f-6eab5f238de4,1099234.202935406,1099234.791716235,1099237.181222066,6449,200,0.5887808289844543,2.3895058310590684
6cd4b064-a3a5-438d-9cf1-6ced49f3203b,e13a541a-2c09-4b59-9cf5-bf9b5c4447be,1099235.203567399,1099235.2870747508,1099237.7009843478,614,200,0.0835073518101126,2.413909597089514
0bac07a1-fc2d-40b4-b211-d92434d99885,1b9f3c6e-4241-411f-9c01-bd9aebebcbcb,1099235.203571554,1099235.5217098051,1099237.8097105331,5832,200,0.31813825108110905,2.2880007280036807
7bd32cff-8200-4217-b03c-11ed3ac4952c,b4a94ea5-376e-4be1-9fd2-48c7486ef854,1099236.203355627,1099236.312814347,1099238.315032564,1952,200,0.10945872007869184,2.0022182171233
70ea669d-71d7-4975-abb5-6259efdfb1fa,c7344d02-17ce-4505-8d92-ada61240d9c1,1099237.203261848,1099237.4536264353,1099238.4342760262,3194,71,0.25036458717659116,0.9806495909579098
264f53f1-5f77-46e8-a2bf-9657b0a12ffe,8400d908-39a2-4c56-8f0a-53e1a7477ded,1099236.203350907,1099236.306667313,1099238.468929318,581,200,0.10331640602089465,2.1622620050329715
640286bb-d606-4328-8f7f-65c2d2b5d415,2204b36f-ca0b-4da9-b583-476d2b2d954f,1099235.203578954,1099235.4044292872,1099238.5218480611,2483,200,0.20085033308714628,3.1174187739379704
0a99ebda-15f2-4c9b-a504-fdb24fbe9e3c,476ae43d-0078-4849-b929-279b27c39df4,1099235.203584537,1099235.467733352,1099238.561939427,1812,200,0.2641488150693476,3.0942060749512166
d9591d13-358d-4239-b0c9-822ea036a048,abc0c6cc-0bfe-4666-83e8-64b03ca4efa9,1099237.203270091,1099237.392816131,1099238.720840275,3275,113,0.18954604002647102,1.3280241440515965
8264240c-11aa-4514-955a-1109f7595ed6,89cf2e96-a828-4fa8-862d-c0d888d66892,1099237.203275487,1099237.411330605,1099238.725213933,3909,117,0.20805511786602437,1.3138833281118423
b3d5f7a4-442d-4e2e-aed5-06967544b367,df0a35f9-6001-4df7-9553-17f2347760bb,1099236.203336178,1099236.593833131,1099238.729837296,5449,200,0.3904969529248774,2.1360041650477797
b092ccd3-028a-4661-af5e-60498a8cdd8a,6114f2e9-4693-488e-9dbb-a470b56d0719,1099235.203589566,1099235.657784965,1099238.76070026,6164,200,0.45419539883732796,3.102915295166895
3ba6d7fe-d955-41a8-8eb9-0a5c8a46f152,4895017a-ac7e-4f78-a8c4-c0efe3579875,1099238.20305016,1099238.6429483502,1099238.8158352692,6259,21,0.4398981900885701,0.17288691899739206
3e28d700-5622-44bc-b3f7-a4577dea19b4,46bf7e07-8121-40ed-8854-6f622d8117c7,1099236.203353231,1099236.6673479371,1099238.83253951,6416,200,0.4639947060495615,2.1651915728580207
4578fe9f-3255-4b47-bb22-9d70ed339463,19c30b89-49e6-4785-b4ec-da68e367d4ae,1099237.20326769,1099237.76287977,1099238.9412417922,6494,100,0.5596120799891651,1.1783620221540332
d4d6c96c-9f39-4fb0-90e7-fc91367898e7,9e3c8867-59dc-4f49-8675-cc60714855dc,1099237.203272879,1099237.4223516819,1099238.9459633068,3698,141,0.2190788029693067,1.5236116249579936
564a18b5-d4a8-4ce5-89ed-968f951014c6,5555e6f1-41e9-474b-b230-5cfb010b675a,1099235.203581585,1099235.80698683,1099239.155063107,6371,200,0.6034052448812872,3.348076276946813
4d5f5046-0615-452c-8321-cddae8080ede,1907f3d5-7754-471f-a8be-1f44529fe912,1099237.203250617,1099237.289007765,1099239.506433766,928,200,0.08575714798644185,2.2174260010942817
31df8016-9c11-449b-8ad4-3824d433239d,92822c32-6058-49fd-aa9c-0152bb38bb78,1099236.203347573,1099236.53745201,1099239.669496922,5814,200,0.33410443691536784,3.1320449120830745
c49d9f4e-7a9a-4a24-8ee4-7942bc7d031f,33e1e879-a9b2-42f0-b1cb-4f3cf8e6b433,1099237.203265242,1099237.886213942,1099240.322726959,6159,200,0.6829486999195069,2.4365130169317126
3152e420-48b1-44a9-9e6c-626aef011469,13c8030e-be08-44bc-b1d5-1304416e7a6e,1099238.203047561,1099238.655137634,1099240.472874367,5968,181,0.4520900729112327,1.8177367330063134
9ce3a2cc-0071-4879-82a8-ae94f92d75a3,4e54060f-b887-4a20-9057-93c4824d5c38,1099238.203041883,1099238.3076992088,1099240.5035826748,627,200,0.10465732589364052,2.1958834659308195
514ba4bd-9b74-4142-b199-1a55577191ac,1bdb2620-bdad-4c27-8800-12a87f185a66,1099238.203028663,1099238.613244019,1099240.608162895,6127,200,0.4102153559215367,1.9949188760947436
2e7b8262-9c74-4f77-b26b-d0e0731fbb25,81f274fb-2e6f-430c-bca5-cbd3ec69d401,1099238.203045053,1099238.5534391948,1099240.7748868158,6370,200,0.35039414186030626,2.2214476210065186
fe57b21b-3233-47d3-a989-fd381d4d7a28,f1c9a465-31b9-4ab6-ae78-59df434e4f7e,1099238.203052678,1099238.719673513,1099240.809396162,6406,200,0.5166208350565284,2.0897226489614695
ce6ee95b-bb19-43f3-8ace-7ff920569bdf,9be2a601-19ad-4a64-8a31-74d14d459e36,1099238.203054988,1099238.7488582032,1099240.9577226061,6154,200,0.5458032151218504,2.2088644029572606
5826792f-abfe-45b4-8413-78dfb35b7da3,8a111b60-2340-4df0-891d-81e653adc99d,1099238.203057413,1099238.764988384,1099241.063540753,6139,200,0.561930970987305,2.29855236900039
5f542f8a-b059-48f5-a2bf-1efa9c8807dd,57727da7-a89d-4b07-b497-8a4ae07e2f57,1099239.202820065,1099239.317723668,1099241.3373772851,1584,200,0.11490360298193991,2.0196536171715707
21ebb39e-059e-4564-bf38-c9f7fc02a4c5,5f392163-5e1f-4046-b000-a9b1693783cd,1099239.202816862,1099239.3100495758,1099241.712264658,1657,200,0.1072327138390392,2.4022150821983814
6ec7f7be-7e67-413c-8f90-2534f9ca16e7,292a9ec3-7dac-4e8f-8c20-f84e90560a11,1099239.202805839,1099239.50569873,1099241.735736114,6391,200,0.30289289099164307,2.2300373839680105
6eed128d-6e1d-4513-ad56-195c67e4e460,145e5f0d-7ea8-47b9-b4c3-c7f6cf51725e,1099241.203448521,1099241.2695433418,1099242.0364477988,3283,52,0.06609482085332274,0.7669044570066035
640812a2-7eaa-4a1b-8efe-011d7f3b29e6,e7803957-8926-462a-a31e-30cdb1c9ec2d,1099242.203061721,1099242.425301352,1099242.91803277,3745,41,0.2222396309953183,0.49273141799494624
a784f9da-e1dd-4f23-9da9-5db400a53739,69adc9c9-2273-43eb-a23c-a4efe562816a,1099241.203451941,1099241.302443921,1099243.184061549,1436,200,0.09899198007769883,1.881617627805099
fae8596b-5ebe-417d-820a-45425f4213ed,fe21ff9d-318c-4c69-89c7-45912541fdc6,1099241.203443994,1099241.4877270511,1099243.2841098371,6514,200,0.28428305708803236,1.796382786007598
9cfbaf4a-7c82-4347-bf30-975814ef1dcb,d350830f-1917-4e57-b61a-d5974c15409d,1099241.203455213,1099241.538647971,1099243.803168077,6287,200,0.3351927581243217,2.264520105905831
fd61a635-2561-493b-9f9f-3d6fab25502e,8169c7c3-afba-4513-82f8-29a3792b9971,1099241.203427952,1099241.488951777,1099243.90317432,6112,200,0.28552382509224117,2.414222542895004
65eb10e6-6a51-42ec-9177-b2031fca2c9a,bfa767e2-3dd3-462a-8100-22c9a1611ab7,1099242.203072902,1099242.3372756322,1099244.78056078,2443,200,0.13420273014344275,2.443285147892311
ab72dd6b-76c2-472d-8464-d121af519c62,1bf26568-c5c1-4e78-8ba0-796957c5b747,1099243.202916444,1099243.320904637,1099244.890699493,1680,165,0.11798819294199347,1.5697948560118675
3ae82aa5-d2a6-4390-8caf-3bd1b4367f7f,e4e85b75-22d5-46e6-ac0e-0e0da50d1aab,1099244.202762515,1099244.2869126732,1099245.1745146622,1053,52,0.0841501581016928,0.88760198908858
e647aa65-6c91-4df7-815e-8c31edd27302,4605532e-01fb-47f9-adba-e8a42434e6e4,1099242.203076152,1099242.3167453888,1099245.1983465808,1909,200,0.11366923688910902,2.8816011920571327
2cd9c668-4151-4106-8d3f-0addde593e3e,4f425ba0-648a-4d9f-ac1f-e294980d4117,1099242.203078551,1099242.641596231,1099245.367394428,6280,200,0.438517679926008,2.7257981970906258
7ea7de5d-26b6-4bfb-8c9d-a52e7e1aca70,3a406cf2-2085-46e7-87f9-24bae68b9983,1099245.203311136,1099245.6545627601,1099245.797891803,6110,18,0.4512516241520643,0.14332904294133186
8718f437-1525-4b2d-a436-e367c5cba4cd,7512566d-1690-445a-a19d-ecf10aebe311,1099243.202925566,1099243.290275771,1099245.942581055,1429,200,0.08735020505264401,2.652305284049362
f6c5d33d-ed5d-4894-a3b9-2200cd8e22bd,8d422f2a-231f-45fb-a52a-f07367e2f4cc,1099243.202928531,1099243.5145975219,1099246.0185306468,6220,200,0.3116689908783883,2.503933124942705
8c0d0899-ed58-4bfc-8d72-a7fbbaf5af22,d846d4b2-4867-4720-9892-d49f8c7696e6,1099243.202900574,1099243.3688106763,1099246.1228026743,3010,200,0.16591010219417512,2.753991998033598
67ef4541-a6cd-4fec-8a44-68c04705036e,df0f9f8a-9867-430c-98ce-3f30f838e161,1099243.202921851,1099243.597364859,1099246.226441608,5906,200,0.3944430078845471,2.62907674908638
39c1fab4-30d8-4c0c-b62b-3238daffeb3d,46895bab-7df6-44fa-8603-fc2f9ac66342,1099246.202898849,1099246.4751980342,1099246.718714494,4541,18,0.27229918516241014,0.24351645982824266
dada7f85-6288-4e09-886b-fb580be6801b,cd4629a6-2b96-4df9-a7c5-74be84bebcc4,1099244.202771176,1099244.479085048,1099246.756671392,4306,200,0.276313872076571,2.277586343931034
63541066-1bf4-499b-af85-bf11027a1a82,df610493-d9b3-4cab-9031-cd61146f0162,1099244.202738288,1099244.6523120832,1099246.7976282972,5272,200,0.4495737950783223,2.1453162140678614
7f6c227b-7dab-4055-980f-ad7d0c2c2410,73263cbe-ff20-4caa-bbf9-8ff4b160fd8c,1099246.202924762,1099246.4122554988,1099246.8244357368,3400,36,0.20933073689229786,0.41218023793771863
41db4098-e80c-4ac1-9498-4320168a13ae,8171fb88-1e6f-49a9-ab54-976103cd97e5,1099244.202755921,1099244.359091046,1099246.882031161,2912,200,0.15633512497879565,2.522940115071833
3dce9132-ceb8-4bb4-820d-a7fd51e5f5d1,e7e4cbf2-d712-49fe-ab56-7723226bf17b,1099244.202767228,1099244.4990013,1099246.936811478,5869,200,0.29623407195322216,2.437810178147629
6de9a2bf-436d-4ee6-8a10-209d727729ef,25393e40-5018-4c88-bbfc-16af8222a20f,1099245.20329741,1099245.515023093,1099247.9394270459,6434,200,0.3117256830446422,2.4244039529003203
a0098b1e-98e8-4a87-9684-dacd380dd4f7,0a292c2d-a16c-463f-8328-8918f0e015aa,1099247.203105192,1099247.313185215,1099247.985645287,2092,86,0.11008002306334674,0.6724600719753653
c28fcc0e-60dd-4c94-b1a3-212d1d3d7702,10a77566-30c0-4a98-b443-a2bb542d4dba,1099247.203078734,1099247.8052432288,1099248.069596988,5709,16,0.602164494805038,0.2643537591211498
60e9f973-1a26-4849-814d-377dbb189bba,f59505d6-2c8a-4269-b06b-4a09a34c57e0,1099245.20330803,1099245.74942499,1099248.103588848,5846,200,0.5461169600021094,2.354163857875392
a31281b4-8e7a-4d11-8a3e-99178ff5ce71,c174f84e-239e-4505-9877-710ea1e1aa00,1099245.203313414,1099245.479930584,1099248.455345004,5231,200,0.2766171700786799,2.9754144200123847
fccc072a-06a0-4e0d-a1a5-e450dd5cfcde,9d86bc3a-a1f0-4906-8dec-04c12198a53f,1099246.202910191,1099246.356493539,1099248.5730387168,280,200,0.15358334803022444,2.21654517785646
ee17a456-8f92-452d-b670-26b4d19872e5,6b878a33-5f67-484e-9f15-8dc6a9ae6662,1099246.202922554,1099246.441235517,1099248.611316337,5035,200,0.23831296293064952,2.1700808200985193
11ea27bf-5beb-487e-90af-5c1ffdb0ae5b,6f63a0ec-64b3-4d1a-9be0-a212dd89aac0,1099246.20291607,1099246.5055800488,1099248.646024474,3015,200,0.3026639788877219,2.140444425167516
a16769c0-88ce-41c7-8a8b-017a9bc79c7e,bba30c2c-2f5f-43ba-8618-041c52204c6e,1099246.202920342,1099246.569930342,1099248.820417665,6432,200,0.36700999992899597,2.2504873229190707
c6d47d86-aac9-4165-bd30-c600efa9bd47,77d7eb80-2931-44e9-917a-939b4706e637,1099246.202918172,1099246.5940178882,1099249.490421957,6016,200,0.39109971607103944,2.896404068917036
e65d444d-7878-413e-8fb9-41184f210d90,f3b6de5c-404c-4234-843a-c5a9646cfa64,1099247.203100801,1099247.5563829408,1099249.6661358308,4521,200,0.3532821398694068,2.1097528899554163
a76da15b-15e1-40a1-9115-2bfd01bcb1be,b2a2aa59-caa5-4e99-8596-8ed2be72bbe6,1099246.202913642,1099246.680389318,1099249.6665883379,5441,200,0.47747567598707974,2.9861990199424326
97f85146-f367-4a37-9fec-23c512ea7f0d,05632621-7db2-4736-b11c-644a5c05ada0,1099247.203107115,1099247.507457734,1099249.721274937,6278,200,0.3043506189715117,2.213817202951759
42392e94-e82a-433d-a07f-37cc7c619dde,eb8d5825-451b-48b5-839c-bd3f2e385b6a,1099249.202934597,1099249.468008136,1099249.9334859918,5021,36,0.2650735389906913,0.46547785587608814
45c412bf-7a79-4b54-a02a-6775dfeec07a,b9128bf0-2636-4290-afce-cc0c01a9a3d0,1099247.203096899,1099247.585835316,1099250.00474113,5745,200,0.38273841701447964,2.4189058139454573
f92869b2-cae1-41e1-8b2e-3b46ec0bb7c4,e2bb5c6d-8f13-4395-8e28-67275d11e72f,1099247.203103061,1099247.934371117,1099250.130301485,4505,200,0.7312680559698492,2.195930368034169
803c380c-dc55-4870-b8d1-9317a4e30dc7,47655980-12c4-4dd9-9ee0-ecc634eaf4db,1099248.202877393,1099248.294767559,1099250.365811277,1062,200,0.09189016604796052,2.0710437179077417
2a36150a-fa51-47dd-a7a9-df5344e0d6d4,ddb1b982-2da3-4da3-a8e6-a3ce2b95f759,1099248.202885888,1099248.3585362802,1099250.6773485192,941,195,0.15565039217472076,2.31881223898381
47bb1e59-b099-4fe8-8156-8994f408473d,3cba0bbe-0d61-4be6-8be5-4585a5068a33,1099248.202860154,1099248.489722769,1099250.8255514288,4157,200,0.2868626150302589,2.3358286598231643
4f56bae2-4f47-42ae-a2e9-02825b8071f5,83b87dad-7d4a-4b0a-b4dc-3dc07570827f,1099249.20291765,1099249.348152351,1099251.497125741,2072,200,0.1452347009908408,2.148973389994353
75cbad1f-ca94-4dea-84d3-702ba4c59b0e,016dd4b2-29b2-4b1e-8e7a-9002ec0e19e8,1099249.202932084,1099249.3881287898,1099251.4933031148,2056,200,0.1851967058610171,2.10517432494089
2df3a063-4182-4934-938c-306bda3d1a83,5dd975b0-30ab-46b6-96e0-39b315e33c7d,1099248.20288102,1099248.926181483,1099251.4987139872,5788,200,0.7233004630543292,2.57253250409849
22ede361-74a9-4944-82dd-7f5e6d32b128,7567f27f-edd6-4f18-89a4-b271b111ba68,1099249.202905901,1099249.655715662,1099251.520993941,5212,191,0.45280976104550064,1.8652782789431512
696b8455-286a-47c5-afd3-5c454eb24f98,2aacea92-7898-4f60-9526-e7a073521d56,1099248.202883262,1099249.1804144871,1099251.6911715542,5765,200,0.977531225187704,2.510757067007944
03c210ce-5c61-41b2-9f0c-9242b110a53e,7a32f88d-b258-446c-954a-35e5cd5a4c84,1099249.20292418,1099249.7854552772,1099251.800713929,6671,200,0.5825310971122235,2.015258651925251
9215be06-ce0e-4adc-9756-a6cb7640f8c3,cf7e77af-4024-47fb-97ee-71ec78b11b82,1099249.20292104,1099249.6615037888,1099251.8037903109,4653,191,0.45858274889178574,2.142286522081122
08b19838-91dc-4c06-be80-90e42c0fe147,44beb2ed-9f4b-47fb-a578-32a53429b95d,1099249.202929645,1099249.843872816,1099251.8492982632,5129,200,0.6409431709907949,2.0054254471324384
deea8add-61bf-4697-974f-96143d711cc4,22ad330a-90f5-4f19-8245-dae0d3c2f176,1099250.202739497,1099250.731338753,1099251.9260479868,6471,134,0.5285992559511214,1.1947092339396477
9906e66a-67be-4eed-b7cf-e7b8bba57859,911d7352-a7c8-4221-994f-575ec976f2e6,1099249.20292726,1099249.3596451671,1099251.972254882,2698,195,0.15671790717169642,2.61260971496813
3e40ee4c-c106-4cfa-bf8e-d8472ede6b81,a5fcfe4e-eb51-4ac0-b8bc-d87496e3d9cb,1099250.202756899,1099250.397671981,1099252.278228075,2956,200,0.19491508207283914,1.880556093994528
c89f0446-0c5a-4fc4-b005-1042d9cbc05e,1d9d59fe-b742-4ff7-a68f-88fb2eef9ca9,1099250.202761477,1099250.650411966,1099252.764407309,6123,200,0.4476504889316857,2.1139953429810703
fbc1fe77-9f12-476d-b325-958803850345,edf00561-d5fd-43db-891d-a57747fab3fc,1099251.202990755,1099251.7695211421,1099252.902233062,6164,131,0.5665303871501237,1.1327119199559093
2417850e-4ef7-4e1a-9df4-7b4fa2c1cae4,11ed2698-a70a-4704-b64c-933c1e3f5226,1099251.202987478,1099251.7577630102,1099253.8903518552,5922,200,0.5547755321022123,2.132588844979182
2ae879f0-9c36-4ffe-a0af-a6dbeb637153,01580029-b853-4a73-96e9-198754e7c6cf,1099251.202976094,1099251.7349862582,1099253.9469378202,6429,200,0.5320101641118526,2.2119515619706362
f66b90b5-3cab-47bb-9637-8f0ac41b3842,a49d24aa-32c1-4fd9-8039-e95dd8e8abd7,1099252.202589618,1099252.577829611,1099254.666981114,5849,200,0.37523999297991395,2.0891515030525625
fe318d22-f380-423c-96f2-332280193338,384c381c-9e43-46bc-ae6e-f423ed8194ee,1099252.202607984,1099252.479531352,1099254.666675638,5900,200,0.27692336798645556,2.1871442859992385
a7a441e2-6dc2-4eb2-a981-8ebee2a2027e,ca330d28-a7ef-4a25-a6cc-51578e715514,1099252.202603343,1099252.517471382,1099254.680829506,6093,200,0.31486803898587823,2.163358123973012
8f7b590d-509d-4197-8a7a-66ad3c317333,e6637aa4-3c0e-4683-beb9-6bdb1f923cdc,1099252.202600246,1099252.6346671241,1099254.688409528,6707,200,0.4320668780710548,2.053742403862998
bb88743f-8abe-451a-b7f1-41902a21dd17,647864a3-b5ed-4406-bf9c-a1b552510779,1099252.202605788,1099252.811244621,1099254.797438993,6469,200,0.6086388330440968,1.9861943719442934
0a5458d5-1abc-4b54-876a-66993942ba61,966e73e3-01e1-49dd-97cc-3b17b0344882,1099252.202609996,1099252.746511329,1099254.849837069,6276,200,0.5439013328868896,2.103325739968568
6215d843-bb59-41c7-bbe0-2c59f823a9fc,362e7dd0-a233-4042-adde-c1e9626a0aef,1099253.203509564,1099253.53042023,1099255.7373178839,6431,200,0.32691066595725715,2.206897653872147
332ca93e-5c49-466f-91ef-c989cc83a27c,13990c43-6738-458d-b63c-4d87efe484c9,1099253.203514538,1099253.301388876,1099255.808549717,1612,200,0.09787433804012835,2.507160841021687
31822ab3-210d-45d6-b987-caec39b56b1f,649f563f-c280-4cb5-a6b1-81e9567055cb,1099253.203522184,1099253.499405917,1099255.831949479,6204,200,0.29588373308070004,2.332543561933562
6934ead3-b6ca-4e33-84ec-d8640c5fedbc,2e90c9d3-0cc0-431a-a190-712898af6e66,1099255.202828174,1099255.578504022,1099255.846774221,6141,18,0.37567584798671305,0.2682701989542693
8d11dd2c-1493-4d24-9ad2-37d1e6a9b35b,cdd2a742-ff94-4dc8-beb3-2e36c6461a19,1099255.202834656,1099255.5176115911,1099255.863377589,4192,28,0.3147769351489842,0.34576599788852036
d781a79b-2536-4123-bfca-5d6a46a59264,f27570f5-c473-4259-ba07-f87fff5089de,1099253.203494188,1099253.358048764,1099255.873976535,2196,200,0.1545545761473477,2.5159277708735317
ffac5212-f45e-4dc0-994e-7896ecf22474,e89d00a2-aef6-4faf-a8f6-58052acdc0b2,1099253.203518777,1099253.4892763009,1099255.9348642519,5572,200,0.2857575239613652,2.4455879509914666
87ebdf06-ca6f-4376-ae77-949cb5cf5a73,0957c38b-3863-4426-b4cd-c9bd4939ca85,1099253.203525566,1099253.487905004,1099255.966083253,3893,200,0.2843794380314648,2.4781782489735633
cc149930-09fc-4446-bcb9-ab2bb4f38a5d,f8ab9d2b-deca-482c-8981-3b28f5058d06,1099255.202831296,1099255.581874551,1099256.038885317,5008,35,0.37904325500130653,0.4570107660256326
4a5cd75c-6e29-454b-98c1-db643c2df037,145e5f0d-7ea8-47b9-b4c3-c7f6cf51725e,1099255.20284317,1099255.415998655,1099256.1234616009,3358,61,0.21315548499114811,0.7074629459530115
d5e61480-80fe-4a15-abed-7d57d91be25d,204273a2-855e-4d3f-a888-b616d96af04b,1099254.202561226,1099254.266293672,1099256.5127204629,1242,200,0.06373244593851268,2.2464267909526825
a5b12c16-607f-4319-892b-3a7e47db2f5a,02e62337-ed7a-4bd2-a1e6-766865751cd0,1099254.202578716,1099254.403052523,1099256.698852131,2263,200,0.20047380705364048,2.2957996078766882
b6a7a98b-91ee-4be2-99c8-4ad729fc9d02,bbcd387e-2da3-42b3-a203-5b94806d5f04,1099254.202572813,1099254.40810885,1099256.834784402,4304,200,0.205536036984995,2.4266755520366132
59d6a31c-f89c-4338-87a9-6cc2d8319e18,4368eee3-45f1-41a9-9c4f-60292d5f062d,1099254.202576277,1099254.865349941,1099256.962918634,6280,200,0.6627736638765782,2.0975686931051314
05f753bb-9dc3-47fd-83db-e3769463709a,bdd764a1-f13b-4ef5-be66-457691858534,1099255.202837769,1099255.37069113,1099257.426521905,2775,200,0.1678533609956503,2.0558307750616223
3f0b1451-5e59-47e5-a528-1cbc6490b157,02fdc58c-4081-4c4f-b08f-be89fc1991ff,1099256.20276234,1099256.471314646,1099257.54696132,2924,85,0.2685523061081767,1.0756466740276664
498087de-57ac-4edf-897e-8705629d0090,ce6f50d7-6546-4e5e-801d-c1df390fc739,1099256.202733583,1099256.4094501971,1099257.9251119632,2947,116,0.2067166140768677,1.5156617660541087
5a9baf02-94c9-4315-9daf-f541ee0eaade,a7758bec-806e-4d96-b9cc-e29230be64b1,1099256.202758221,1099256.245552064,1099258.1646498658,491,156,0.04279384296387434,1.9190978019032627
a4c4306d-e400-4645-b6c1-ba17324e8364,44e83e1c-1083-44c9-9f17-132d04102b38,1099257.203116356,1099257.4204842418,1099258.193374723,4317,67,0.21736788586713374,0.7728904811665416
965d28e1-079d-45b8-b2a1-124ac30c8f53,f6528ead-3790-48e8-bf6e-24fdeff779c9,1099255.20284072,1099255.7819126141,1099258.220497329,6114,200,0.5790718940552324,2.4385847148951143
ceba82cf-73f9-41b7-ad0c-ad0a8bfa544c,00350808-5c9c-404f-9bcd-c153da1e8468,1099255.20281008,1099255.366197026,1099258.330487006,2643,200,0.16338694607838988,2.964289980009198
cc07d5e4-29c1-4081-930c-00c5f0adbb17,99cf908c-ea9c-4c6d-abb5-12c7195290fb,1099255.202824055,1099255.711224926,1099258.593483558,6362,200,0.5084008709527552,2.882258631987497
5ed3265b-8345-45bc-b5e2-96febbfca3b0,df0f9f8a-9867-430c-98ce-3f30f838e161,1099257.203120004,1099257.79515059,1099258.728254235,6008,59,0.5920305859763175,0.9331036449875683
0752bd25-b100-4ad0-969a-d895d52a9842,ac793620-cf14-4d0b-85c9-285d6602176f,1099257.203105085,1099257.561278619,1099259.0893008672,5844,96,0.3581735340412706,1.5280222480650991
cbc5daf0-97ab-4b12-a4f0-05f4ba996207,f59505d6-2c8a-4269-b06b-4a09a34c57e0,1099256.20276492,1099256.638124588,1099259.1417204048,5763,200,0.4353596679866314,2.5035958169028163
5994a8da-5ddb-4f81-a57e-172e76674d6d,abc0c6cc-0bfe-4666-83e8-64b03ca4efa9,1099256.202767525,1099256.5861432971,1099259.3053198243,3323,200,0.38337577204219997,2.7191765271127224
db2530f1-4bf1-4aca-919d-a15cda428c0d,a0b65a6d-aea0-4f9f-8b88-9eb0305f5ba2,1099259.202746414,1099259.283551259,1099259.3317601029,383,7,0.08080484485253692,0.04820884391665459
3ab07718-19a5-4202-b1e8-f75934924427,3843b2c1-db08-4327-bab6-6c5f8f1d4ce6,1099259.202708322,1099259.449820461,1099260.827647175,2864,105,0.2471121388953179,1.3778267139568925
fce096e6-33e2-4ece-b560-4292fb4dfe59,7dffa10a-2db3-48f9-af53-bddccb30f2a3,1099258.203410455,1099258.6796842872,1099260.88895614,5032,143,0.4762738321442157,2.2092718528583646
dd514439-d296-4840-b9db-26c8022c552c,625b3d00-628e-41f1-9a81-62cb5c7be991,1099258.203418516,1099258.5301009482,1099261.1077944462,4737,200,0.32668243208900094,2.5776934979949147
7a986be1-2bb3-4fbf-842b-891eea18ef6f,c5c63911-9805-4346-a627-b123c84bf691,1099258.203405194,1099258.535031866,1099261.1903979608,5896,200,0.3316266720648855,2.6553660947829485
b60806ba-fe48-49f3-93ce-7b7545bbdd4c,64e8c11c-c5f9-4b48-b8af-c0a25c431931,1099258.203390259,1099258.716681234,1099261.2183144952,6295,200,0.5132909750100225,2.501633261097595
313d30f6-b8dc-4dbf-be1f-27dc3848761e,d81300c0-9e09-45d8-84f5-e342f80ca6d0,1099260.203404266,1099260.3137605588,1099261.5083741809,1406,104,0.11035629292018712,1.1946136220358312
914d1b8e-f26d-45a2-91f6-d27e86ce9427,6d6afd5b-1a5c-44f8-acab-1571e66ccb96,1099259.202723181,1099259.4041725362,1099261.5474909532,3643,200,0.20144935511052608,2.143318417016417
deb30e8a-04fe-48ef-9b59-1918d66e5b95,c7344d02-17ce-4505-8d92-ada61240d9c1,1099259.202727581,1099259.490277127,1099261.600443696,3194,200,0.2875495459884405,2.1101665690075606
8be7acdc-e890-4df9-95fa-8399db96000a,9241e5d4-7685-47e9-8f12-d51806022933,1099258.203414439,1099258.737494442,1099261.6159563998,5509,200,0.5340800029225647,2.878461957909167
17d0e3a0-95d0-4d72-aeda-2a621a4184f4,50febabb-892c-4a87-b8cf-3f82b8fdd573,1099259.202738267,1099259.651522266,1099261.623385181,6504,178,0.4487839990761131,1.9718629149720073
0e6eae01-f4b8-4a2a-834c-c80625505658,2354094b-5191-4448-be6e-b3bbb69ce9f0,1099259.202744072,1099259.725400977,1099261.752340386,6100,200,0.5226569049991667,2.02693940885365
babf8f7e-b8a8-44ec-a8fe-881e89ca87a1,5f19ba86-19af-4239-a7f9-b0bdc619d45b,1099259.202748769,1099259.362487328,1099261.797237606,1545,200,0.1597385590430349,2.4347502780146897
b730a23f-8cbc-4972-a049-419280ea5301,a91786b9-b70a-4ba9-93a3-3c49e7f6ffc5,1099259.202731956,1099259.750578419,1099261.978298804,6449,200,0.5478464630432427,2.227720384951681
7dd7e7ae-56d2-4f55-b1e8-e7a6455085b4,552bec3f-53c2-4c84-990b-b3a31a68408b,1099259.202735268,1099259.658382746,1099262.077805974,6024,200,0.4556474778801203,2.4194232281297445
6083c061-25c9-4271-ac98-625feb473b4b,c0e273f1-c346-4c7f-ba9e-53a9c61c18c0,1099259.202741272,1099259.894847112,1099262.249203102,5871,200,0.6921058399602771,2.3543559899553657
bfe332fc-26fd-4472-836e-d37d773bb76c,12aae71a-3e0d-4bf5-90fb-76d1a7c353ae,1099260.203406751,1099260.515532696,1099262.393075265,5666,200,0.3121259449981153,1.8775425690691918
093b4739-4e3e-43cf-b5c5-658db3efa2d7,e6b65716-92ee-4955-bcc6-66ecf37edfd1,1099260.203379702,1099260.346969061,1099262.494388479,1608,200,0.14358935900963843,2.1474194179754704
e2325a4d-9874-42df-bc98-c4b2c2397cca,46d0e33d-a861-4fe0-8451-3a9b6b02a7e9,1099260.203401278,1099260.598902009,1099262.566524094,6059,200,0.39550073095597327,1.9676220850087702
a810cfff-c1e9-4187-afaa-ce547acedc1d,d99bd3a4-aa98-4081-914d-d5fe46dea9f9,1099260.203398297,1099260.452006949,1099262.7125999841,2735,200,0.24860865203663707,2.260593035025522
467f5889-0b07-41a9-bd71-a9ee78c26782,327c0ffa-aa23-4d82-a685-d4e61996d990,1099260.203394426,1099260.6316241531,1099262.893465863,5145,200,0.4282297270838171,2.2618417099583894
28f1e748-9764-4310-8119-cf13fab14dae,0cc9d424-bac5-4b90-91be-d0bfd95d6437,1099261.203747321,1099261.7078732008,1099263.574587148,6394,200,0.5041258798446506,1.8667139471508563
3db15060-18c9-47fb-87cd-cee71e0739c3,0063e1c2-efc9-4319-b73c-26561d65a9f4,1099261.203734843,1099261.4775240861,1099263.715086006,6462,200,0.273789243074134,2.237561919959262
ba3f0dfc-a02d-491a-9d74-0876fb4ba100,ddbac259-054d-4ca8-9d63-2dfc35e14fa1,1099261.20375049,1099261.37474063,1099263.752627481,2824,200,0.17099013994447887,2.37788685108535
f7760f3d-92ba-4c7c-83d6-c2712681a7e4,5b2ce038-2fa0-4262-aa67-d36576804c10,1099263.203070065,1099263.27421604,1099264.0928570551,1193,80,0.07114597503095865,0.8186410150956362
5f418dd6-f3c8-4608-86bd-43ca8f7fd24b,e62f3f98-5d83-4b9e-9c7d-fc428edf1181,1099263.203061107,1099263.6863472091,1099264.108395965,6403,41,0.4832861020695418,0.42204875592142344
c0cb89cc-9e05-46b0-90f5-19b486275b71,d24c0cc3-a163-4cd4-9cf2-de41d5c96f4a,1099262.202900556,1099262.3907861318,1099264.377206771,2357,200,0.18788557592779398,1.9864206390921026
7566dc2e-e97a-4c33-b584-b9a9f3fc1f26,a7665175-db71-4c41-b159-46cbf857d36f,1099262.202896791,1099262.538615155,1099264.496515304,4519,200,0.33571836398914456,1.9579001490492374
0aef100a-53d9-4caa-a07c-03604ba67e1d,39e20f76-6db8-4d08-a978-9bb294a6df3b,1099262.202885047,1099262.7761269212,1099264.915062898,6261,200,0.5732418741099536,2.1389359768945724
0f177630-fb99-4c9f-a2af-481bc9d4e660,96500d09-5659-4d3a-ad06-9b5daa47acd1,1099263.203064824,1099263.401333695,1099265.571218159,3012,200,0.19826887105591595,2.1698844640050083
a6efc411-bb52-4029-8bfa-9a33b6bf1d2f,b87d1b47-75a0-4129-8580-a96e0868928f,1099263.203067383,1099263.5741712048,1099265.9139001998,6362,200,0.3711038217879832,2.339728994993493
0be69e90-b428-46bf-a493-79082c4b8093,00582910-d45e-43fe-9151-b2d8aa205d5a,1099263.203048447,1099263.580367834,1099266.279911169,6150,200,0.3773193871602416,2.6995433350093663
4c601169-5ffd-465c-ab62-d12523c6bab8,c7558f93-f86c-4355-a7b9-c08b9ddff562,1099265.20330117,1099265.74064411,1099266.2854008349,6393,47,0.537342939991504,0.5447567249648273
c84e0a19-9189-4806-b989-d9cb0f3b5ed9,866d5673-2e79-436a-b3d6-adfe48aed886,1099264.202966738,1099264.650248743,1099266.717317231,3424,200,0.4472820048686117,2.067068488104269
b20c2aa8-3630-4526-80f2-80aded0d3eb7,1fc548da-464f-4b21-9d2a-f61ee57a111d,1099264.202989779,1099264.5322087489,1099266.730599695,5915,200,0.32921896991319954,2.198390946025029
fa08f7eb-8214-4107-ae5e-7bd73c12ffac,3bbe86ed-d7cf-4231-9539-29db62dc29f1,1099265.203314613,1099265.28833164,1099267.024243004,1000,186,0.0850170268677175,1.7359113639686257
a0698938-84b3-4ce6-8315-f5b21fd069d5,a49d24aa-32c1-4fd9-8039-e95dd8e8abd7,1099265.203318776,1099265.286755816,1099267.789037732,5849,200,0.0834370399825275,2.5022819158621132
58bce7a6-7fef-4395-8388-eb6f9ac91e60,0a292c2d-a16c-463f-8328-8918f0e015aa,1099266.203207159,1099266.36134383,1099268.168573588,2160,186,0.1581366709433496,1.807229758007452
4bc6cb88-5ca3-4d83-ba89-248ae5cc5658,d6c6ecce-7613-4cc5-89c7-46de6050a111,1099266.203195581,1099266.3152384511,1099268.5363934292,1339,200,0.11204287013970315,2.221154978033155
0929d90d-d03a-4e62-be37-b7dd0b30f077,c091b3a7-97e5-4a95-8225-26b3b3a6566f,1099266.20321872,1099266.4224101948,1099268.5828898838,2963,200,0.21919147484004498,2.160479689016938
c005b945-709d-44f7-8d09-06a6e43e16b4,7566167e-bf47-4f1f-b7d0-e3cef448181a,1099266.20321636,1099266.46250761,1099268.6105002868,2618,200,0.2592912500258535,2.1479926768224686
fe9ae74c-673a-4829-b6bf-75d31aed48b4,933f3928-c5bd-436c-b052-8afb0bd75fd0,1099266.203213936,1099266.4040388109,1099268.687670366,3976,200,0.20082487491890788,2.283631555037573
07610e39-94d5-4f1f-a7a1-dc3a5c54df7f,b0504ddd-048b-41e3-b755-077cdf863893,1099266.20321116,1099266.632970015,1099268.982802065,6308,200,0.4297588551416993,2.349832050036639
01df59a3-605a-404d-a5fa-29f56cfa7783,5ed43ab5-6e62-46fc-a695-99d4cb7b0dcc,1099266.203220567,1099266.993785973,1099269.025789117,6515,180,0.790565405972302,2.032003144035116
3865b196-43ee-40f9-9b14-95ababba3a84,ceefa533-f37a-4408-af9f-4ed7830209c4,1099267.202881953,1099267.490784145,1099269.6615791689,6374,200,0.2879021919798106,2.170795023906976
6293076f-ae1d-41eb-94a1-4a330ddd0676,c6e38f2b-0d99-430b-8e69-70df034e0023,1099267.202884567,1099267.482660513,1099269.6609154558,5945,200,0.27977594593539834,2.1782549428753555
7cc37006-81c1-412e-a6a0-fd3e328a2d3f,e62bfd31-0eb8-4b75-9da9-5217ee3c5b91,1099267.202879175,1099267.528210812,1099269.834664561,3830,200,0.32533163693733513,2.3064537490718067
4f0d5b9c-60d5-44c0-85f0-952daf6d8da8,10a77566-30c0-4a98-b443-a2bb542d4dba,1099267.202876411,1099267.458828855,1099270.047321957,5683,200,0.2559524441603571,2.588493101997301
8641e6b1-c437-472d-99ac-7ca39b51e980,7a32f88d-b258-446c-954a-35e5cd5a4c84,1099269.20321331,1099269.657038145,1099270.068450152,6839,32,0.4538248348981142,0.4114120069425553
6b31c9a9-874a-47b2-a1e8-44dbc0bcee7b,c7dd51fb-3966-4c0d-8619-1b4983c7d99b,1099269.203235067,1099269.7530487918,1099270.0657209498,5130,25,0.5498137248214334,0.31267215800471604
ba5d56c0-2ae8-435e-8a90-bc81d4dd521f,2de8f2d6-66ab-4a07-90f9-203b01c54d88,1099267.202872552,1099267.719829955,1099270.143232432,6200,200,0.516957402927801,2.423402477055788
6ca586ad-a680-480e-8fa9-db1145a03def,8ab790e1-160f-4156-b4d8-43ea4ce11bb4,1099267.202861563,1099267.968143787,1099270.178202061,6336,200,0.765282223932445,2.210058273980394
3be18ce5-54d7-458b-bce7-cb4d1d99f2b5,3467dee3-2b4a-4201-afb4-3a253af3f2f2,1099268.202718751,1099268.281689205,1099271.031444435,994,189,0.078970453934744,2.74975523003377
1b899b60-3bc2-4da1-8c69-49a7866189f1,a499fde4-51c2-4cdf-8809-3a52991b1c6c,1099270.203170622,1099270.528571979,1099271.098574945,6155,53,0.32540135690942407,0.5700029660947621
094f0b50-7389-40e7-98e5-dfa3a4e603a0,e13a541a-2c09-4b59-9cf5-bf9b5c4447be,1099269.203227245,1099269.2826274028,1099271.152335817,759,200,0.07940015778876841,1.8697084141895175
aa340840-f060-4ce6-b2ed-ecffc20a3afe,e5f01142-a764-4c98-99a0-2f3f3a2ca72e,1099268.202707285,1099268.394944442,1099271.19140996,2601,200,0.19223715690895915,2.796465517953038
1f2a4352-291d-4e03-bb06-8691a77464e1,086d9db4-5996-4535-986e-525ff4b4a80d,1099270.203159852,1099270.527190395,1099271.579103713,3166,96,0.3240305429790169,1.0519133179914206
bd5ba7f2-2d89-4780-96fd-8f5f0b1b9891,eb8d5825-451b-48b5-839c-bd3f2e385b6a,1099271.203224096,1099271.589634004,1099271.751339611,5176,18,0.386409908067435,0.16170560684986413
de833c3b-a8b2-4429-af5d-2269edfe4090,92822c32-6058-49fd-aa9c-0152bb38bb78,1099269.20324089,1099269.6538429721,1099271.883565043,5814,200,0.4506020820699632,2.2297220709733665
eb2f9b9d-a179-4942-8c17-a13ee9b8241a,2e6d427c-5d5d-4341-bd59-5c0bf98acf50,1099269.203231575,1099269.386833823,1099271.941506413,3109,200,0.18360224808566272,2.5546725899912417
29fbe417-1fa3-4389-83e0-0b58d6b1ecd9,5ed4452c-5532-4892-9185-a08650850ceb,1099269.203238163,1099269.6653032508,1099272.0697289289,6343,200,0.46206508786417544,2.4044256780762225
5a7e1288-2562-4d21-b124-2bf7c3dc0d2f,a0b65a6d-aea0-4f9f-8b88-9eb0305f5ba2,1099271.203219719,1099271.3709710601,1099272.228960785,462,66,0.1677513411268592,0.8579897249583155
fbcc00cd-1b3d-4da3-8473-581ea2f67b7a,19f43658-6e28-40df-86e4-150602676f7f,1099270.203167408,1099270.528303101,1099272.620672068,591,200,0.3251356929540634,2.092368967132643
035acdf3-e853-43af-86cc-808543dab91d,e38f0f5f-4fbc-4b59-80f5-e48d1b3455eb,1099270.203173172,1099270.7858508308,1099272.7836679318,6889,200,0.5826776588801295,1.997817100957036
f63a3bfe-b97f-4840-846a-2264f38ea07c,ab6b6010-d85a-42ba-af90-ea7abb5ace34,1099271.203227215,1099271.283678637,1099273.1106429729,710,200,0.08045142190530896,1.8269643359817564
2f9a8a19-af97-4c7e-9d06-940fa6c1c090,f4288e8a-c8ba-470c-896d-085c2d99d96a,1099271.203205842,1099271.2854392491,1099273.153561755,1239,200,0.08223340706899762,1.868122505955398
61f98f9e-4a0a-4da5-bb4c-332ef8b92229,6898d6f2-8e46-4f07-87d2-63452e09f5c6,1099270.203164143,1099270.761900763,1099273.289405936,5948,200,0.5587366200052202,2.527505172882229
2110877d-b964-4d58-a421-c6f599f84ad5,fe06d773-cd9a-42bf-b1d7-614c1c625f07,1099270.20314727,1099270.52118245,1099273.361436209,6506,200,0.31803517998196185,2.8402537589427084
1ffcc328-9e9b-4637-81c5-600037297390,3ed7f939-1a64-4314-86e0-5d9c4a84a947,1099271.203229995,1099271.522676562,1099273.686998661,6175,200,0.31944656698033214,2.164322098949924
b2fdf2d8-f38b-4d02-9eb7-95dab922e921,384c381c-9e43-46bc-ae6e-f423ed8194ee,1099272.202808861,1099272.641249874,1099274.749240774,5900,200,0.43844101298600435,2.107990900054574
d0139264-79e5-4f86-83e5-779a2af25212,11ed2698-a70a-4704-b64c-933c1e3f5226,1099272.202815978,1099272.7860491122,1099274.8335182562,6066,200,0.5832331341225654,2.0474691439885646
85c39502-1338-49de-a87a-508154f1a084,8094c720-081f-4a98-aca9-d83abaec4c87,1099272.202813406,1099272.324422132,1099274.85581227,2673,200,0.12160872598178685,2.5313901379704475
247050fb-2ddb-407d-86e4-103c236d8471,0136334d-367a-412e-a713-3b46dd3fbb28,1099272.202795991,1099272.832534,1099275.321065314,6225,200,0.6297380090691149,2.488531314069405
d3eefc38-30a9-460b-b79f-e79412c59e00,9be2a601-19ad-4a64-8a31-74d14d459e36,1099273.202876911,1099273.60713031,1099275.994049202,6154,200,0.4042533989995718,2.386918891919777
eb9f64a6-4e2e-42aa-8af5-730b25b28439,19c30b89-49e6-4785-b4ec-da68e367d4ae,1099275.202838683,1099275.533896518,1099276.132775029,6494,51,0.3310578349046409,0.5988785109948367
0278c0f5-799b-4b0f-8a82-0d17b738f391,92dcd987-4459-4c21-98a5-5129ac92bc66,1099273.202879489,1099273.816344309,1099276.132986897,5516,200,0.6134648199658841,2.31664258800447
ff31a0e2-d9b5-46ff-890f-006369631d3f,3ac1f3a7-813a-4683-b941-b18074fd7722,1099274.20346302,1099274.389269798,1099276.23271441,3508,200,0.18580677802674472,1.843444611877203
d2c8a301-8f3c-4470-90d1-07234152319d,836ee29e-1beb-4a4a-b34c-09adeb26ed0e,1099273.202861776,1099273.417665532,1099276.363044039,2393,200,0.21480375598184764,2.9453785070218146
bac9e38b-3ccf-4657-8d7c-3917712f8fe0,b8359cf4-4e17-464a-9393-9a6f3d3d4fad,1099273.202873201,1099273.755528788,1099276.491258493,6373,200,0.5526555869728327,2.735729704843834
a33c7913-0d03-49a5-993d-139661994559,df0f9f8a-9867-430c-98ce-3f30f838e161,1099273.202881664,1099273.948963448,1099276.607009626,6033,200,0.7460817839019,2.6580461780540645
3bb553d1-2eb2-4f9f-94da-8ab62548754b,5b2ce038-2fa0-4262-aa67-d36576804c10,1099274.203459216,1099274.276303845,1099276.630713683,1263,200,0.07284462894313037,2.3544098380953074
3985b48b-007f-4dd4-b8e2-9d8803c78ce7,3e00352b-6285-4cdc-8dfc-1d1702987206,1099274.203468215,1099274.514433194,1099276.690368949,6388,200,0.31096497899852693,2.175935755018145
a8d2fd46-6e36-42ab-aeec-ed121554f2ad,420cc219-d4c9-4156-b463-edb91ecbe2ab,1099276.202799382,1099276.434210092,1099276.75115559,3103,23,0.23141071014106274,0.31694549787789583
88406f75-1f2c-4c71-a751-9463b2866585,3781b96a-8a05-402b-b59b-026e09e20c27,1099274.203473581,1099274.65854304,1099276.876273161,980,200,0.4550694590434432,2.2177301209885627
4cc2ad0c-6615-4010-81d7-7829f098e93e,4e369fef-7293-491e-9edd-8fec038576e2,1099274.203470855,1099274.664982993,1099276.9606640988,4752,198,0.4615121379029006,2.295681105926633
85597712-ccaf-43e2-8d40-8c5c850c4c2a,e74f9be2-9f9b-417c-ae0a-ef064fce3113,1099274.203444676,1099274.7586403,1099276.994802941,5822,200,0.5551956240087748,2.2361626410856843
40088f58-6567-408d-bf00-7e58b2c6150f,edf00561-d5fd-43db-891d-a57747fab3fc,1099276.202771485,1099276.604272291,1099276.9956501322,6136,45,0.4015008059795946,0.39137784112244844
220ac94b-afc0-4b0d-b54b-bb430f0b7c6e,a38f645a-15c1-4b70-be39-1656a21c0e2d,1099274.203465703,1099274.662558966,1099277.034700171,4456,200,0.45909326313994825,2.3721412050072104
03ec715d-50cd-4377-94ce-6d6cb5033324,abc0c6cc-0bfe-4666-83e8-64b03ca4efa9,1099275.202836152,1099275.359545287,1099277.172334992,3405,200,0.15670913504436612,1.8127897051163018
517dcf73-85a6-4f8a-b722-2462da04d9ed,2578c165-88d2-4fcf-8239-ee23a11cde02,1099275.202820929,1099275.590177706,1099278.027147458,6449,200,0.3873567769769579,2.436969751957804
383d467a-d6d6-4d1d-b1bc-2136bdcc710e,3b426e11-6474-4ca6-8e48-9e80b18cd736,1099275.202832991,1099275.697150259,1099278.071104352,6170,200,0.49431726802140474,2.3739540928509086
dcc8bf83-7a2b-4e22-80c0-eb494c675b18,02e62337-ed7a-4bd2-a1e6-766865751cd0,1099276.20280672,1099276.363556505,1099278.460359398,2264,200,0.1607497849036008,2.0968028930947185
50f6a8f2-75ea-4f21-9350-66c2ec2660c7,8171fb88-1e6f-49a9-ab54-976103cd97e5,1099276.202795629,1099276.3937235798,1099278.7227721969,2912,200,0.19092795089818537,2.3290486170444638
e8cc52a4-d6a8-44f1-820b-0c3a8550572d,f8ab9d2b-deca-482c-8981-3b28f5058d06,1099276.202808767,1099276.517194941,1099278.792843667,5008,200,0.3143861738499254,2.2756487261503935
38df4dba-ceef-40b0-916d-78a0539250ff,2d3d4654-4672-47a0-8065-8167b1e24cd1,1099278.203280433,1099278.3783453451,1099278.904565612,3291,48,0.1750649120658636,0.5262202669400722
1ae49d4c-9c1a-47c7-8af3-8b014b5ec51a,b5c4d38d-aba9-4af9-a091-5e7b12c9feb5,1099276.202804316,1099276.5760115702,1099278.9040006292,6417,200,0.3732072541024536,2.327989059034735
b84ef81b-73af-48dc-b1ae-f187288ab02b,37a01d59-0e82-4874-a0c6-e70aa5765dda,1099276.202801785,1099276.765149983,1099279.026191366,6222,200,0.562348198145628,2.261041382793337
4c5c90bd-17d8-4ed1-9eea-a8f7d4b15023,d587b5b9-f240-4104-9f9b-61ec2c2d93f0,1099278.203269235,1099278.6574074333,1099279.2226817722,6373,32,0.4541381981689483,0.5652743389364332
4968fa36-64d1-4646-be40-41a6f0bbeb94,5b7afdee-bc23-4cea-8c95-ee1786504a83,1099277.203126728,1099277.453418249,1099279.4297231052,4673,200,0.25029152096249163,1.9763048561289907
65acd7c1-09e0-47a1-a6b2-1885f8df9b7b,1b9f3c6e-4241-411f-9c01-bd9aebebcbcb,1099277.203128628,1099277.5281941888,1099279.662882041,5832,200,0.3250655608717352,2.134687852114439
7ea6ade5-b0c1-430f-9c79-adbf2568f285,c7344d02-17ce-4505-8d92-ada61240d9c1,1099277.203109769,1099277.2514714487,1099279.6676600089,3204,200,0.04836167977191508,2.4161885601934046
98195d8a-e920-4978-8da7-7cf115f3bda1,15fbccdc-7622-4cd8-b468-066ca318efea,1099277.20312435,1099277.5766144139,1099279.793413879,6449,191,0.37349006393924356,2.21679946500808
9a9507ca-1f52-4cf1-9fc8-2c831e25845f,e4212cdd-4eb2-432c-8728-ac09b26569d4,1099277.203130823,1099277.373426561,1099279.853694587,3811,200,0.17029573791660368,2.480268026003614
e7047f49-91d6-4c33-955f-5551b2d70c83,77d7eb80-2931-44e9-917a-939b4706e637,1099279.202899462,1099279.732889818,1099279.992568606,6136,29,0.5299903559498489,0.25967878801748157
1881fdbc-59bf-45f4-ad7c-8f349a411b8a,1154a913-bc2a-415a-8f60-85869c412d08,1099277.20312082,1099277.539585078,1099280.08663693,2881,200,0.33646425791084766,2.5470518521033227
c10db71f-1144-4b26-b5ab-5869ff8b996e,4368eee3-45f1-41a9-9c4f-60292d5f062d,1099278.203293913,1099278.6162429012,1099280.4405033751,6280,200,0.4129489881452173,1.8242604739498347
bcdcab7c-0f82-451e-abc4-9e0ba2fc17dd,d15044b7-c396-404e-998e-93e71a743f28,1099278.20329179,1099278.468111644,1099280.885953682,3230,200,0.264819853939116,2.417842037975788
845e8c44-ff5e-457c-a2dd-8c1928f402d5,d846d4b2-4867-4720-9892-d49f8c7696e6,1099279.202902167,1099279.354478219,1099281.0604981922,3243,200,0.15157605195418,1.7060199731495231
ee1a28ab-c377-452f-a4bc-6cd776761285,dd8abcd2-6f78-4e3c-b821-2725f6f61b99,1099278.203289365,1099278.323163603,1099281.145942604,2037,200,0.11987423803657293,2.8227790009696037
eefa07e9-f4a9-4037-be7c-82c7ad642f0a,33e1e879-a9b2-42f0-b1cb-4f3cf8e6b433,1099278.203286805,1099278.586129878,1099281.326030859,6110,200,0.3828430729918182,2.7399009810760617
8d76e093-6f58-4983-afed-c5132cd01966,64067c58-b338-48a4-85e4-99a236b0af21,1099279.202896183,1099279.303900939,1099281.349611969,1671,200,0.1010047560557723,2.045711030019447
4a575489-180b-4c6e-bf0c-e5514afe6a98,11a4e14b-d6c9-4235-a9bf-b4929896ec16,1099278.203283905,1099278.828166212,1099281.370456721,6376,200,0.6248823069036007,2.5422905089799315
e9aa6c23-1ce4-49aa-882d-59a980db84ae,cdd2a742-ff94-4dc8-beb3-2e36c6461a19,1099280.203160472,1099280.963592744,1099281.7096696978,4192,63,0.7604322719853371,0.7460769538301975
eb6f0e64-3e68-4111-b63d-517cfe6ae5f4,2eef5030-8e4f-48f7-87c0-c4672c479dbb,1099279.20290485,1099279.665009555,1099281.708818333,6494,200,0.4621047049295157,2.0438087780494243
67a5d275-80d5-4f86-90ab-641bd26dc32b,5e0b58d3-c006-4a2c-a6cd-a016092a16a8,1099279.202885482,1099279.661555462,1099281.883213983,6422,200,0.4586699800565839,2.2216585208661854
59ea87ea-41e0-4107-8546-db06dba1386e,a66219a5-0bf0-499e-8da4-6217f9feef08,1099280.203142182,1099280.316482363,1099281.96741542,1663,170,0.1133401810657233,1.6509330570697784
7537f904-9b43-48cd-8e66-c9cae9eae5b3,bfa767e2-3dd3-462a-8100-22c9a1611ab7,1099280.203166294,1099280.4813305151,1099282.558524408,2626,200,0.27816422120667994,2.07719389279373
bbaccca5-ecc3-4f3a-8258-be6aea94af42,a37337b3-4345-44c2-99d0-bd4fa96c3614,1099280.203169385,1099280.5020416998,1099282.6570864979,5985,200,0.29887231485918164,2.1550447980407625
e8fb87ef-de3a-446c-b742-e58b9de9533f,01524993-21d4-4d2d-a5d5-91a5663d91e2,1099280.20316356,1099280.850648778,1099282.9085791442,5996,200,0.6474852180108428,2.0579303661361337
8d877581-7ed2-4aad-aa95-9a042f59bdd2,9e3c8867-59dc-4f49-8675-cc60714855dc,1099281.202529236,1099281.378388849,1099283.097144809,3714,181,0.17585961311124265,1.7187559599988163
a7ef7028-08dd-431a-80a1-b04631a79932,89cf2e96-a828-4fa8-862d-c0d888d66892,1099282.202602764,1099282.47459075,1099283.12444948,3894,49,0.2719879860524088,0.6498587301466614
c00c8626-7954-40ac-940b-1d59817d28ad,a2aca4a9-9726-4bfb-b5e8-9e7eb3967010,1099280.203156718,1099280.79031551,1099283.248665997,4667,200,0.5871587919536978,2.4583504870533943
0ed3887e-a784-4cfe-9fe4-9f25b0820c1c,22ad330a-90f5-4f19-8245-dae0d3c2f176,1099281.202541531,1099281.668240669,1099283.407561369,6471,150,0.46569913788698614,1.739320700056851
07ac54a3-9af0-4855-8e1e-4af748e52ed9,1b5b7ec9-af75-4404-bc92-07d960135fb0,1099281.202544669,1099281.636484236,1099283.5205493919,6332,200,0.4339395670685917,1.8840651558712125
0766d053-9dc5-40b3-a040-726f70f86b1e,145e5f0d-7ea8-47b9-b4c3-c7f6cf51725e,1099282.202579059,1099282.385334108,1099283.793476573,3374,124,0.18275504908524454,1.408142464933917
4ed77c9d-a327-4a3f-bb4e-7fbba2164cdb,2354094b-5191-4448-be6e-b3bbb69ce9f0,1099281.202547177,1099281.632981315,1099283.891717741,6100,200,0.4304341380484402,2.258736426010728
041ad1bd-4bf6-4e03-ae72-123dc95f4735,47655980-12c4-4dd9-9ee0-ecc634eaf4db,1099282.202605216,1099282.299913222,1099284.497381778,1244,200,0.09730800590477884,2.197468555998057
c5ff11be-3fe9-4d45-bb0f-cfb8d9a790d2,e5f863e9-3a7b-4d7a-bdd2-60bc8ad6448d,1099283.202818266,1099283.5988966431,1099284.687161786,5945,120,0.39607837703078985,1.0882651428692043
a2d90e38-5de3-4871-99e8-e4c77e500e62,911d7352-a7c8-4221-994f-575ec976f2e6,1099283.202830987,1099283.3674988972,1099284.8171607913,2828,137,0.16466791019774973,1.4496618940029293
98443ae7-b829-42b1-9b83-955def0ec926,743528ce-8ff5-4c63-8df5-2e9b0703cc0a,1099282.202599724,1099282.422833747,1099284.820947879,4206,200,0.22023402294144034,2.398114131996408
78827e84-7965-42fc-b816-9bae8c593dd4,5c6dbd73-124d-4f21-a64c-809c57a1c193,1099282.202596581,1099282.4765719161,1099284.9991556671,1782,200,0.27397533506155014,2.5225837510079145
adac35c6-3608-4d8a-9424-78134aa43792,d7284dde-c357-4445-b8a8-ac336e3acc3e,1099282.202592188,1099282.615741932,1099285.049052584,4826,200,0.4131497440394014,2.433310651918873
98b771bd-4545-442a-bb3e-a74ef9ba59c7,8c8370f6-4f55-4c2a-874b-2bfe7c831430,1099283.202826166,1099283.305276511,1099285.120844054,1268,200,0.10245034494437277,1.8155675430316478
ac220736-053d-48ff-bf58-403684bbe273,583cbfc9-7618-498d-864b-dd180e9fa774,1099283.202828667,1099283.584235328,1099285.429514792,6388,200,0.38140666112303734,1.845279464032501
68f78cc5-7c92-4bb6-b7fa-554f6d1445e9,1d05d273-0324-4d13-806a-9dc8c5ad6fc2,1099283.202821414,1099283.612977888,1099285.720275899,6436,200,0.4101564739830792,2.1072980109602213
039c9283-fc70-4327-8d26-80220fcddab2,44e83e1c-1083-44c9-9f17-132d04102b38,1099283.202833455,1099283.451420925,1099285.739524075,4255,200,0.248587470036,2.2881031499709934
ce1e1ceb-de75-4d89-9356-a3055cb04091,dabb4f7c-8ffd-4972-a01d-6eb7e70e8ff0,1099283.20281425,1099283.38734017,1099286.055167772,531,200,0.18452592007815838,2.6678276020102203
c4b63cba-1465-43e8-bfe4-d73eb2f8131b,906139de-bfcf-4e94-9bec-98a4621dbed1,1099283.202802443,1099283.52292834,1099286.1044788808,4408,200,0.32012589694932103,2.581550540868193
204e215e-2de6-4522-a26f-ed8bc58a4746,1ce0cc43-25d2-46e0-91e4-43901076cdf9,1099283.202823722,1099283.572502193,1099286.120454855,3576,200,0.3696784710045904,2.5479526619892567
6690c043-1270-494a-9fb2-58a626ddddf5,ce6f50d7-6546-4e5e-801d-c1df390fc739,1099284.202892888,1099284.3421683002,1099286.4133312942,2945,200,0.13927541207522154,2.071162994019687
f689d60d-eab0-40c5-9236-c82f79ef5100,166a2dc5-002f-4a10-b639-bb2203757854,1099285.203526179,1099285.3130985221,1099286.4656462702,912,86,0.10957234306260943,1.152547748060897
f49e6425-94fa-446e-9b45-112828d6cbb9,7dffa10a-2db3-48f9-af53-bddccb30f2a3,1099285.203536522,1099285.5438228892,1099286.830641213,5209,132,0.34028636710718274,1.2868183238897473
61275227-a61b-4d26-a21d-115d2b36e058,2b5bb3c9-4d36-4e8a-b052-54bcfbf3a086,1099286.202499536,1099286.754434925,1099287.25452157,6200,26,0.5519353889394552,0.5000866448972374
588c3c54-66fe-4c1d-9e60-943b74a4e0eb,ffd0b423-c554-4d30-981b-d5ee5c345c99,1099285.203529209,1099285.4395751478,1099287.3061879259,4815,200,0.23604593891650438,1.866612778045237
63664ab4-da18-46a8-bf42-32e9f778c513,f4359015-fade-4b04-b62c-685e70fd39c6,1099286.202492811,1099286.829431255,1099287.8668294442,4008,65,0.626938444096595,1.0373981890734285
9ba60358-87fa-4f71-adc9-78b0cf34f3b8,7512566d-1690-445a-a19d-ecf10aebe311,1099285.203532087,1099285.364823727,1099288.088710386,1654,200,0.16129164001904428,2.723886659136042
b11d2c64-4dc7-4555-99ce-b4671b21893c,e89d00a2-aef6-4faf-a8f6-58052acdc0b2,1099285.203534346,1099285.504071567,1099288.185702815,5779,200,0.3005372209008783,2.6816312479786575
62c35eee-f6f7-4e73-8852-8f74676fef81,0be4320b-01bc-4621-8810-cea97dbe5f9b,1099285.203514979,1099285.594064296,1099288.25190863,6442,200,0.39054931700229645,2.657844333909452
9b5afa0a-077e-4d34-b677-a6678d82a53a,11ed2698-a70a-4704-b64c-933c1e3f5226,1099285.203538822,1099285.6453633842,1099288.304020757,6062,200,0.44182456214912236,2.658657372929156
ff5df943-8654-483e-acb4-5d97aba6d7d4,db7e9f5d-8a61-4add-b03f-97cfb3b8ea31,1099286.202473126,1099286.34997991,1099288.456765603,2464,200,0.14750678418204188,2.1067856929730624
9504bbab-4582-4f48-bebc-223248c018f8,3fad36b5-6bb3-4dd2-b7e5-7ce7e5787a0f,1099286.202487729,1099286.352531583,1099288.533359664,2477,162,0.15004385402426124,2.1808280809782445
c9d50559-0ce2-4e65-9fae-136a0d38dbcd,bdd764a1-f13b-4ef5-be66-457691858534,1099286.202490249,1099286.368620622,1099288.5868423968,2968,200,0.16613037302158773,2.218221774790436
5ac3fd4c-77e2-4688-a564-9f9861e19208,799c1417-591d-41ce-b052-4d152da895db,1099286.202501513,1099286.577388315,1099288.654991813,6339,200,0.3748868019320071,2.077603498008102
1e626474-6e3a-45a3-a235-937e52d607a4,aed0c80f-ef61-4db3-a266-35516e5cb5b1,1099286.202495048,1099286.294724618,1099289.1496442063,817,200,0.09222957002930343,2.8549195881932974
0b6b366a-8d41-4c8e-9019-144a6a7ea6a7,161520fe-b2a7-4765-9cec-8d3bd6da2327,1099286.202497282,1099286.46800514,1099289.206774264,4995,200,0.2655078580137342,2.7387691240292042
33739901-0403-41d7-900a-addd42808f1a,10a77566-30c0-4a98-b443-a2bb542d4dba,1099287.202873697,1099287.477291043,1099289.52121821,5725,162,0.2744173458777368,2.0439271670766175
f8510e4f-0589-44cb-bcda-9532de0fdd23,4d35524b-b5f4-4841-84b1-db05ed40f78f,1099286.202484604,1099286.594656244,1099289.691462799,7116,200,0.39217163994908333,3.096806555055082
b3fe99f9-2c55-478a-8cf5-3e0e561439f5,ad6e0805-854b-4ad4-b718-81d6c8218f27,1099287.202880732,1099287.445984456,1099290.070113254,4670,200,0.2431037239730358,2.6241287980228662
0372d1f6-123f-416c-a664-5328d5dbc45f,3467dee3-2b4a-4201-afb4-3a253af3f2f2,1099287.202877392,1099287.453808994,1099290.12189049,1134,200,0.25093160197138786,2.668081495910883
b87a3cfd-2976-4641-b73a-8599be1aab68,5f19ba86-19af-4239-a7f9-b0bdc619d45b,1099288.203044531,1099288.302846459,1099290.294330893,1545,200,0.09980192803777754,1.9914844341110438
9dfba761-a685-4eb9-8068-5e209bd8a721,30910795-649d-4c33-afd7-634035edf721,1099288.20306935,1099288.239836649,1099290.453909388,585,173,0.036767299054190516,2.2140727390069515
07199de2-ef84-4040-98d4-b9f5b78bd705,01580029-b853-4a73-96e9-198754e7c6cf,1099287.202862088,1099287.8484678,1099290.471696604,6429,200,0.6456057119648904,2.6232288039755076
7138b84f-3883-428e-8af6-1ad0d1dc8a76,eee60849-6a21-4615-8b42-be632d4dfff0,1099289.203082357,1099289.843120472,1099290.536134813,6490,35,0.6400381149724126,0.6930143409408629
493b243b-f948-4126-be32-f46ccd0f9240,a0b65a6d-aea0-4f9f-8b88-9eb0305f5ba2,1099289.203078765,1099289.682392542,1099290.540799898,526,88,0.4793137770611793,0.8584073560778052
47591d09-85e6-49c3-a364-7f91adcaca9d,05632621-7db2-4736-b11c-644a5c05ada0,1099290.202774686,1099290.509842074,1099290.8465061781,6278,25,0.3070673879701644,0.336664104135707
d06b88c6-8eba-4b15-86e9-8e7813b04587,8430f359-c0da-41c2-8c0a-99afadae6c25,1099288.203058377,1099288.769199364,1099290.9811931478,6219,200,0.5661409869790077,2.2119937839452177
d9ab34a4-163c-46d7-a0b8-f8d20983d4c4,df0f9f8a-9867-430c-98ce-3f30f838e161,1099288.203062796,1099288.6330534818,1099291.2415204688,6033,200,0.4299906857777387,2.6084669870324433
ad2afb8f-7614-4acf-bcc8-8bcedde90a3e,6fb0551f-4ff5-43b9-b3ce-5ed20bd3d658,1099288.203065975,1099288.504092393,1099291.302794706,4864,200,0.3010264178737998,2.7987023130990565
f8830966-b5f0-4aae-93e8-ef73f6c443fb,f3c7b4af-4cc8-4b3c-8d1a-85880e5521c2,1099289.203090041,1099289.678204184,1099291.845810392,2204,200,0.47511414298787713,2.1676062080077827
ea4aab9b-5f0b-4e9a-9ed9-df30a835ec72,26c258a6-5b59-44bd-b849-a28547921f76,1099289.203063198,1099289.8529934988,1099291.892134043,6274,200,0.6499303008895367,2.039140544133261
2567a187-b2df-4b86-91f9-7c5d3b28cda0,96015687-9e81-4734-9276-a7f8c50e7724,1099289.203092419,1099289.674025644,1099291.915609976,2540,200,0.4709332250058651,2.2415843319613487
e3378082-1070-4d50-a6ab-836234d90a3b,2837df08-d441-40c9-a309-8d7d55e0a257,1099289.203075315,1099289.680347289,1099292.139855083,2965,200,0.47727197385393083,2.4595077941194177
8c9cb664-4877-4f47-928c-408e3d72e55e,61cd0d78-954f-4cbf-96d6-3321d7ae9f9e,1099289.203084737,1099290.071027569,1099292.4438968909,6464,200,0.8679428319446743,2.372869321843609
1e10ed88-d0b2-4cc6-9a9a-3a51ca9ae7df,c5c63911-9805-4346-a627-b123c84bf691,1099289.203087473,1099290.066571255,1099292.701964188,5896,200,0.8634837819263339,2.6353929329197854
7badd2bb-c95b-49df-963e-156f3d3259f4,2aacea92-7898-4f60-9526-e7a073521d56,1099290.202763368,1099290.8042376637,1099293.0920321248,5999,200,0.601474295835942,2.2877944610081613
c7b81bcd-755d-4c8c-9f51-88285b588dd3,92dcd987-4459-4c21-98a5-5129ac92bc66,1099290.202778443,1099290.706670995,1099293.422167887,5516,200,0.5038925521075726,2.7154968918766826
fa797ea3-93a2-4a37-8bc5-ecc3280119cf,384c381c-9e43-46bc-ae6e-f423ed8194ee,1099290.202780871,1099290.625441194,1099293.478369894,5900,200,0.42266032309271395,2.852928699925542
d3c51502-1adb-4fa6-9ca3-7ec107840f27,5dd975b0-30ab-46b6-96e0-39b315e33c7d,1099291.202773776,1099291.5954652329,1099293.5873882899,5788,200,0.392691456945613,1.9919230570085347
98c364ce-2418-406a-b59d-6a6faaa32e43,21d6c7bf-0824-4d6c-ae87-342ca4d3bf10,1099291.202761283,1099291.531879865,1099293.663891911,5842,200,0.32911858218722045,2.132012045942247
26c30afc-da7c-4695-b993-0b4e4206efc4,f3b6de5c-404c-4234-843a-c5a9646cfa64,1099292.202566791,1099292.4763325723,1099294.2213455732,4760,171,0.2737657811958343,1.745013000909239
8a4ddf35-a01c-4e16-bb2e-e1a6e91bfbfd,3a2ad835-f604-4d73-8e3d-7ad4422a62af,1099292.20258156,1099292.419249119,1099294.6671686159,1399,193,0.2166675589978695,2.2479194968473166
956b3a72-c775-42d7-b9df-51dd203d1545,016dd4b2-29b2-4b1e-8e7a-9002ec0e19e8,1099292.202578037,1099292.440924532,1099294.700727735,2253,200,0.2383464949671179,2.259803202934563
09af7729-f939-458a-8813-f56794bd29dd,b2a2aa59-caa5-4e99-8596-8ed2be72bbe6,1099292.202584003,1099292.613899112,1099294.894752786,5441,200,0.4113151088822633,2.280853674048558
f5749079-1be7-4c81-ad91-9edf62d051a6,1d9d59fe-b742-4ff7-a68f-88fb2eef9ca9,1099293.20290926,1099293.491370772,1099295.290200881,6073,200,0.2884615119546652,1.7988301089499146
d8db247a-659e-4876-a66b-a60134761408,0bfead47-2d50-4cc0-903b-b629a345cfd7,1099293.20289761,1099293.3377953789,1099295.6197550078,2236,200,0.13489776896312833,2.2819596289191395
2c187782-0e3c-4b69-adf9-68e7bb4f007b,8d422f2a-231f-45fb-a52a-f07367e2f4cc,1099293.202912542,1099293.578106353,1099295.9574712699,6156,189,0.3751938110217452,2.3793649168219417
5dffd0d3-b3ec-40ab-a446-060d834fc6cc,0e701727-8a9d-4ce8-87a9-9931a1476227,1099294.202911813,1099294.511553504,1099296.5178710509,6248,200,0.30864169099368155,2.0063175468239933
2ceba3b6-d648-428b-821e-121436f97357,5ed43ab5-6e62-46fc-a695-99d4cb7b0dcc,1099294.20290817,1099294.6566352,1099296.538786829,6515,200,0.45372702996246517,1.8821516290772706
0d6591fb-1208-406a-bcd9-cb7e22096d6d,a5fcfe4e-eb51-4ac0-b8bc-d87496e3d9cb,1099294.202896326,1099294.374813466,1099296.600970239,3150,200,0.1719171400181949,2.2261567728128284
c7320694-1d76-4847-b430-4f629514ee94,05c9a37c-7cb7-46e2-9554-dc0d1ad6af70,1099295.203446567,1099295.478144852,1099296.706756562,6497,131,0.274698284920305,1.2286117100156844
5911ecd0-9190-41c1-8cdb-7bd7a70382e0,451863a8-c37a-4460-987d-185a07fcf9bd,1099294.202914768,1099294.657281155,1099296.7633592081,6635,200,0.4543663871008903,2.1060780531261116
67a102f4-6fb3-4595-8e2b-d8cc580d7047,c6e38f2b-0d99-430b-8e69-70df034e0023,1099295.203459689,1099295.24254849,1099297.298531723,5925,200,0.03908880101516843,2.055983233032748
7dec86a0-675c-4102-bcb1-57312645c875,8094c720-081f-4a98-aca9-d83abaec4c87,1099297.202961502,1099297.348457891,1099297.757348791,2653,36,0.1454963891301304,0.40889089996926486
f8bd172a-19e0-4445-8543-db814d2c9b1b,3b187a2d-275c-495a-833c-75272901b9ca,1099296.20335773,1099296.3323531381,1099297.8800084111,2309,150,0.12899540807120502,1.547655272996053
306f31c2-a84e-4c11-b912-4b2900f10a89,a0b65a6d-aea0-4f9f-8b88-9eb0305f5ba2,1099297.202941745,1099297.300132234,1099298.1054848533,600,69,0.09719048906117678,0.8053526191506535
771b71b5-38fb-40f3-ad37-1e52e8e79b93,9f7b1605-012c-47de-9622-02198dfdb495,1099296.203350368,1099296.29910631,1099298.361683222,863,200,0.09575594193302095,2.0625769121106714
a7e90c3c-9512-4d32-b98e-0449d77c0f0e,e0272631-07dc-4f1b-b5ab-7f974c0e6139,1099298.203157556,1099298.4989533222,1099298.8974772592,5032,16,0.29579576617106795,0.39852393697947264
8d02b76a-6b26-4e96-b2bf-d7492556ed40,9724fec6-5a27-419a-835f-02d1cdee68c6,1099296.203336638,1099296.623820837,1099299.1341759008,6061,200,0.420484198955819,2.5103550639469177
211ee49d-e8f6-40ac-8218-0cd8ab4aa314,b87d1b47-75a0-4129-8580-a96e0868928f,1099296.203354978,1099296.832016088,1099299.2502519551,6363,200,0.6286611100658774,2.4182358670514077
1a4ebff9-6832-45b5-b140-095e33b86995,d15044b7-c396-404e-998e-93e71a743f28,1099297.202956236,1099297.362459342,1099299.396789496,3230,200,0.15950310602784157,2.0343301540706307
a9dd7962-cf5f-44f2-a152-8aa88be342ae,c648cdc5-98a2-415a-aa4a-842fb1b3b4b2,1099297.202959041,1099297.3078146342,1099299.4910324342,261,200,0.10485559306107461,2.1832177999895066
63868799-6e37-44ae-ae90-dedc79c91905,7b1ca9fb-c9e3-474a-a801-a202e31b70b0,1099297.202952724,1099297.473166882,1099299.664473586,6028,200,0.27021415811032057,2.1913067039567977
b6417ae5-d2db-4c7e-b920-7c53913932a4,2e90c9d3-0cc0-431a-a190-712898af6e66,1099300.203088626,1099300.649771541,1099300.845649074,6276,19,0.44668291485868394,0.19587753317318857
1c9725e4-142c-42e8-bfc2-bce1d64517fb,8ca7cf43-4763-434f-9f7e-0cbad9b2b4eb,1099298.203131392,1099298.298210907,1099300.928228255,1193,200,0.09507951512932777,2.6300173478666693
60903911-05af-47bd-a44c-e2f330c112a3,5feecc80-78cc-489f-a6b9-84a83af8bc36,1099300.203081099,1099300.723648989,1099300.947206134,6330,27,0.5205678900238127,0.22355714486911893
59eb997c-182c-4b2f-ab43-c7c626017de5,02fdc58c-4081-4c4f-b08f-be89fc1991ff,1099298.203152391,1099298.4036148658,1099301.014981345,2916,200,0.2004624749533832,2.611366479191929
bfcd9b55-ea20-439c-bd9d-ec52b3d53637,e2bb5c6d-8f13-4395-8e28-67275d11e72f,1099298.203148381,1099298.472256714,1099301.173686173,4699,195,0.26910833292640746,2.701429459033534
f586b994-8a41-40be-baa5-53e9ddce2336,967aed41-fbe7-4e66-a54e-1b932c3f1357,1099298.203155313,1099298.698073288,1099301.345190822,6168,200,0.49491797504015267,2.6471175339538604
54e6c98e-ac25-4d2f-9660-ad7c9e3e5e5c,166a2dc5-002f-4a10-b639-bb2203757854,1099301.202662544,1099301.285054709,1099301.7254202892,973,37,0.08239216497167945,0.440365580143407
31f2e9a0-f531-4f25-9ddf-f13ebfe4da1e,19f43658-6e28-40df-86e4-150602676f7f,1099299.202626004,1099299.2512444078,1099301.9224499047,591,200,0.048618403961881995,2.671205496881157
2013e033-6026-49bb-84af-10d20263b4a5,e62f3f98-5d83-4b9e-9c7d-fc428edf1181,1099301.202665094,1099301.747027137,1099301.945840304,6579,16,0.54436204303056,0.19881316693499684
3d9b5461-1228-49bf-b836-0440020cb204,5fcd7bbd-da7e-4afa-95ef-18c316df5c14,1099301.202656941,1099301.741174109,1099302.016927709,6377,18,0.5385171680245548,0.2757536000572145
cc19ae3f-16b1-4d4d-b57e-188c8efc94b2,3ce16265-5f5b-4a3e-a16c-8ada94797953,1099300.203091594,1099300.3971086838,1099302.7654085828,2959,200,0.19401708990335464,2.368299898924306
7d78baad-55fa-4eee-9a99-daadfdbb3812,e6b65716-92ee-4955-bcc6-66ecf37edfd1,1099300.203085457,1099300.355399909,1099302.9820997221,1781,200,0.15231445198878646,2.6266998131759465
4626a969-5f2c-4096-816a-53a6566f1413,650b104b-2cbd-4304-ab8c-0935cf2bbab7,1099300.203094212,1099300.5315523231,1099303.144969689,4409,200,0.32845811103470623,2.6134173658210784
e9468f50-8307-4da4-9287-281665f01dad,10a77566-30c0-4a98-b443-a2bb542d4dba,1099300.203036669,1099300.956202059,1099303.5838028889,5765,200,0.7531653901096433,2.627600829815492
9b77172f-1166-46e9-a8f7-eec92489974b,d846d4b2-4867-4720-9892-d49f8c7696e6,1099301.202667339,1099301.288873395,1099303.790402646,3432,200,0.08620605594478548,2.501529250992462
0069cd28-6a16-4082-b3f3-eed7ec43d51b,851ec4df-1273-45c0-a684-cb6d2d9ada81,1099301.202645455,1099301.495793593,1099303.8723953231,4639,200,0.2931481380946934,2.3766017300076783
0df77c60-1841-40cc-8e53-edf18fb3c1e6,a4f8e498-bdbe-4f0b-a1e1-8b71d9e4a707,1099301.202669632,1099301.6543143617,1099303.9759577839,6461,200,0.45164472982287407,2.3216434221249074
fdd21818-0815-4b0e-892d-e92f08c5c350,ea672ecc-82bf-4d92-96e4-b9c2c87a2418,1099301.202660243,1099301.607024903,1099304.0130321248,6045,200,0.4043646599166095,2.4060072218999267
7d4536bf-20f8-40d6-b139-4d1a1643db61,b654d5e6-e3eb-4dbc-aa01-60dee8fba52e,1099303.204086653,1099303.381838558,1099304.224410191,3005,83,0.17775190505199134,0.8425716329365969
31e70130-d3a7-440c-9813-14511679a221,d81300c0-9e09-45d8-84f5-e342f80ca6d0,1099303.204069452,1099303.3568654459,1099304.2295603869,1486,68,0.1527959939558059,0.8726949410047382
14419ce9-f4f9-459f-87be-988dc3371afc,c11b2f2c-9092-45e8-ae60-7c8dc222703b,1099303.204083893,1099303.602696863,1099304.389152083,6137,90,0.398612970020622,0.7864552200771868
8a259e56-905d-401b-b6ed-90b6895a2c5d,c7344d02-17ce-4505-8d92-ada61240d9c1,1099302.202869135,1099302.3673615737,1099304.6644486778,3204,200,0.16449243878014386,2.297087104059756
dbc92e83-4343-4d0a-a83a-77e152e2021c,5f121c84-8232-44fe-909c-9a69fa9fdc9b,1099302.202884721,1099302.3986808911,1099304.7819652252,3223,200,0.19579617003910244,2.3832843340933323
c4a27416-5ca3-4851-a295-29381bd6f0af,0ea7eebf-4e91-49b7-886d-7fde689bef99,1099302.202887312,1099302.601646753,1099304.835767855,3742,200,0.39875944098457694,2.2341211019083858
42d87627-d9a3-48b6-b12d-5315168cb89f,62010be8-f099-4914-b6f4-3848f181a33a,1099302.202881053,1099302.743683985,1099304.971775243,6056,200,0.5408029318787158,2.2280912580899894
06f717bc-5513-4a85-9130-37031efe57e8,abc0c6cc-0bfe-4666-83e8-64b03ca4efa9,1099304.202580071,1099304.3844113222,1099305.1697554542,3485,60,0.18183125113137066,0.7853441319894046
831dd0dc-a1be-473e-a5b3-ffca6540062b,02e62337-ed7a-4bd2-a1e6-766865751cd0,1099303.204072536,1099303.355080605,1099305.7922452542,2442,200,0.15100806904956698,2.437164649134502
45393820-5292-41e8-9152-ee0bbf1640f1,13c8030e-be08-44bc-b1d5-1304416e7a6e,1099303.204052606,1099303.548813457,1099305.9874973989,5933,200,0.3447608510032296,2.4386839419603348
26e53196-fed9-451c-947c-a84ef77cbab0,92dcd987-4459-4c21-98a5-5129ac92bc66,1099303.204075331,1099303.612570611,1099306.029479845,5516,200,0.4084952799603343,2.416909233899787
44edf9aa-84dc-413f-adf0-6f2ec3e27954,12ed77b0-f0e1-4d6e-912d-ddc62a0ba391,1099303.204081136,1099303.701696936,1099306.048868626,6511,200,0.4976158000063151,2.347171689849347
84a4a414-0b05-4f12-b37a-98942beac5cc,c0b01989-091d-494e-a037-cf3ef0d5164d,1099305.20280248,1099305.6685841791,1099306.0976370631,6197,37,0.4657816991675645,0.4290528839919716
ddde6450-1a63-4585-9f8e-a2c1bfd2949a,623e1445-3e3a-45f8-b5a7-4ffd7a140c28,1099303.204064942,1099303.314559663,1099306.142688805,1189,200,0.11049472098238766,2.8281291420571506
545f0260-168d-4e56-a7ea-37ba5e77a5a5,2eef5030-8e4f-48f7-87c0-c4672c479dbb,1099303.204078277,1099304.0829925933,1099306.5219250051,6358,200,0.8789143161848187,2.438932411838323
91331ea3-0a33-42a6-a59c-6d472eb17cfc,836ee29e-1beb-4a4a-b34c-09adeb26ed0e,1099304.202595159,1099304.327462588,1099306.789119971,2617,200,0.12486742902547121,2.4616573830135167
cdb0162f-b023-41e9-a78d-64332b7c4c54,5f392163-5e1f-4046-b000-a9b1693783cd,1099304.202591759,1099304.323769515,1099307.041354404,1918,200,0.12117775599472225,2.7175848891492933
429adbff-6eb2-4dfe-8c2f-91b881e89a8e,3e00352b-6285-4cdc-8dfc-1d1702987206,1099305.2028062,1099305.6045424638,1099307.1995764868,6413,135,0.40173626388423145,1.5950340230483562
b9a46d78-0998-4c6c-9640-f57c6a67730f,4d521c1a-e923-4d34-b1ce-dd029b7cc843,1099305.202816622,1099305.300263367,1099307.556891052,1144,200,0.09744674479588866,2.256627685157582
53b56cbe-1860-4c07-86d8-c303de4b0d95,f6528ead-3790-48e8-bf6e-24fdeff779c9,1099305.202811529,1099305.48770125,1099307.5600533881,6189,200,0.2848897210787982,2.072352138115093
2723668a-8714-49f1-b10c-aac8354433f4,649f563f-c280-4cb5-a6b1-81e9567055cb,1099305.202798089,1099305.512831142,1099307.7168004022,6204,200,0.3100330529268831,2.203969260212034
1b3ddab7-3261-44e7-9168-51df6ec70389,4d11091c-a61a-4b03-89e3-8a1fdfada163,1099305.202785132,1099305.4859327069,1099307.8667682658,6095,200,0.2831475748680532,2.3808355589862913
e6cbb278-ff41-4962-84b2-0ecb44f19334,bf8e8e18-4cb2-418f-891c-f4f1f6372ac2,1099305.202814085,1099305.361971624,1099307.922413659,1568,200,0.15915753901936114,2.560442035086453
a7b5b68d-cfd9-4b6c-9957-4d8605b8c10e,5363cb6c-edd6-43d7-9a0e-58df46053aa0,1099306.203040961,1099306.705027723,1099308.2197768989,6208,122,0.5019867620430887,1.5147491758689284
cdc100b1-e1bb-4c01-a138-373f21ce32d6,21aff5d2-52eb-4393-97d6-cc63d6a99afd,1099305.202808761,1099305.513714997,1099308.343385173,6202,200,0.3109062360599637,2.829670175909996
6b9fc3b2-4bb7-4db6-81b0-2defccd63631,69756b9b-d2e4-4a2e-8c02-1fbcee79c27c,1099308.202767243,1099308.4123213638,1099308.895580598,3835,25,0.20955412089824677,0.4832592341117561
41b8e0c0-a0c2-494c-bf31-94b6f63d8d3a,572c2839-ba50-43b8-b7b0-0bf23c8d57dd,1099306.203038493,1099306.482431883,1099308.92632189,5663,200,0.2793933900538832,2.4438900069799274
d599e464-8c6a-46d5-bffd-d505f46c7de9,52b8d013-981a-41d3-8520-eb23e5010775,1099306.203043403,1099306.5650274593,1099308.9330747481,6325,200,0.3619840561877936,2.3680472888518125
8406b0b9-2b9d-4994-bdc6-c4439a66bbfd,d6c6ecce-7613-4cc5-89c7-46de6050a111,1099306.203035116,1099306.3286268339,1099309.229221525,1339,200,0.12559171789325774,2.900594691047445
9354661f-5eb4-4bd5-9bdf-955274cf5cb1,b08a97a6-f8e0-4014-92ec-ad1af8ba590e,1099307.202579151,1099307.8966669918,1099309.2333135868,6324,115,0.6940878408495337,1.3366465950384736
dc220368-9860-4779-9ad2-a73718a5273c,e5f01142-a764-4c98-99a0-2f3f3a2ca72e,1099306.203045726,1099306.36954111,1099309.314073504,2789,200,0.16649538394995034,2.9445323939435184
7f19660a-d326-43d1-bbeb-214d9afb0afd,df0f9f8a-9867-430c-98ce-3f30f838e161,1099308.2027597,1099308.5521622358,1099309.5128382929,6105,59,0.34940253593958914,0.9606760570313781
446fc743-1498-43bf-984c-40bebd513f81,9c107b6c-4101-42aa-9de6-3ff87c671de9,1099307.202582489,1099307.9287422511,1099309.6715038891,6411,136,0.7261597621254623,1.7427616380155087
191bb48d-0643-431a-98b3-7d134912472b,eb8d5825-451b-48b5-839c-bd3f2e385b6a,1099309.203009182,1099309.6679442779,1099309.837424082,5355,18,0.46493509598076344,0.16947980411350727
24ed09d4-2d9e-41a4-8d58-77560bf26bf6,92822c32-6058-49fd-aa9c-0152bb38bb78,1099306.203023994,1099306.720893264,1099309.862235177,5868,200,0.5178692699410021,3.141341913025826
ede43814-f697-4dc2-a125-9e8546639d88,086d9db4-5996-4535-986e-525ff4b4a80d,1099308.202744736,1099308.5435399332,1099310.00006661,3135,113,0.34079519705846906,1.4565266768913716
6cda695c-5bb3-4707-b190-8bf659e14e3c,7566167e-bf47-4f1f-b7d0-e3cef448181a,1099307.202596592,1099307.789821344,1099310.062356537,2829,200,0.5872247519437224,2.2725351930130273
dde13986-3cd3-4d4f-81a5-4d91e32cc90d,a89382a8-dc9a-4c53-8dd0-6dea43247d09,1099307.202594106,1099307.6673385622,1099310.076533613,2159,200,0.4647444561123848,2.4091950508300215
76def65f-6561-4c31-97ac-d53a26a6a842,fce3ea11-79d5-4728-b7be-60d043fccec8,1099307.202586938,1099307.573174526,1099310.177316755,362,200,0.3705875880550593,2.6041422290727496
d6fb68b8-f433-4abb-87cf-1ccaee2f256e,cc7c6485-ac31-423b-8903-23389e9ecb8c,1099307.202568801,1099307.860545609,1099310.2073180408,6584,200,0.657976808026433,2.346772431861609
95b48209-725a-4b08-8f45-fa738f6afbe6,09329235-b77c-4c42-adf4-ff1827d1d710,1099307.202589263,1099307.914818949,1099310.380036637,6331,200,0.7122296860907227,2.465217687888071
e45b097f-100d-4557-9ab2-a6f2eff013f5,552bec3f-53c2-4c84-990b-b3a31a68408b,1099307.20259182,1099308.358463903,1099310.768629005,6024,200,1.155872083036229,2.410165101988241
bee072d5-dfae-408d-a3aa-ad19deffc89c,2354094b-5191-4448-be6e-b3bbb69ce9f0,1099307.202584934,1099307.980273124,1099310.7932901771,5918,200,0.7776881901081651,2.813017053063959
56e50e07-e3e5-4ff8-8e4a-dbdac33a8709,50cb1f3a-c995-4191-a881-615aad112039,1099308.202764854,1099308.500875456,1099311.024417913,3720,200,0.2981106019578874,2.523542457027361
e287f342-131f-45ff-be4d-8337a50da432,9fd9f898-9cfd-457b-adfe-707b66258b3d,1099308.202755765,1099308.6760890752,1099311.0843797561,7012,200,0.4733333101030439,2.408290680963546
f5743b70-2a1e-4a56-83a4-e4f43dfd3f39,0c3fef3b-dca1-42b1-bf99-d0432500b549,1099308.202762471,1099308.9676582012,1099311.229313801,4745,200,0.7648957301862538,2.261655599810183
882dd36d-c588-41b0-ba93-2a73443cda53,edf00561-d5fd-43db-891d-a57747fab3fc,1099308.202769318,1099308.684560586,1099311.238762863,6197,200,0.4817912681028247,2.5542022769805044
e37aefcf-a8fc-45db-91e3-669b8c2a629e,dabb4f7c-8ffd-4972-a01d-6eb7e70e8ff0,1099309.203026827,1099309.243114794,1099311.7394784808,531,200,0.04008796694688499,2.496363686863333
8bdf40c4-4c28-441c-828a-ef80c4ec0c98,2b648323-c36f-4d40-a568-1b308a23e4fb,1099309.203024329,1099309.305590117,1099311.958822148,830,200,0.10256578796543181,2.6532320310361683
66bbc9ac-8f59-4b23-91c8-c692ecb5f94a,d0cc8fed-2a8e-48e8-91db-ebb573e1adc3,1099310.203030029,1099310.3414697042,1099312.1499504251,2724,200,0.1384396750945598,1.8084807209670544
3987b07b-d9fe-424b-8e49-d50aed8686bf,b7327111-259e-4250-93c6-8114bbaa11c5,1099309.203020742,1099309.721239205,1099312.475623753,3627,200,0.5182184630539268,2.7543845479376614
2d416cfc-7dbb-4b9c-aa5f-4bd770ce7935,5ed4452c-5532-4892-9185-a08650850ceb,1099310.203024195,1099310.553730338,1099312.825931453,6332,200,0.350706143071875,2.2722011147998273
78f55dd8-7c23-4b41-bb96-3272932d3e91,dd8abcd2-6f78-4e3c-b821-2725f6f61b99,1099310.2030081,1099310.5568814168,1099312.853608951,2037,200,0.35387331689707935,2.2967275341507047
a0b23010-09f9-4b34-a806-9e6621fcc7a7,26c258a6-5b59-44bd-b849-a28547921f76,1099310.203034357,1099310.596634683,1099312.9449858088,6274,200,0.39360032603144646,2.348351125838235
3f59228c-d21a-41a2-8df3-14c4227674e1,9e3c8867-59dc-4f49-8675-cc60714855dc,1099311.202671742,1099311.412702173,1099313.280296907,3708,192,0.21003043092787266,1.8675947340670973
42259cf4-2b83-470e-a556-3f7a14cfe940,bc1de8c2-a6ae-4eed-92df-8609cafce1c4,1099312.202490027,1099312.384165246,1099313.5592336021,2423,79,0.1816752189770341,1.1750683560967445
71a79370-fc2a-4f95-85aa-707e8a41c2c3,96500d09-5659-4d3a-ad06-9b5daa47acd1,1099311.202675978,1099311.320548656,1099313.613184977,3012,200,0.11787267797626555,2.2926363211590797
972dba49-2aff-45b7-8b30-fce2fb0fbec6,70efcdcf-b43e-4fea-9b8e-1b80008b762c,1099311.202678389,1099311.368699172,1099313.621716489,2775,200,0.1660207831300795,2.2530173170380294
c7d87338-cf0b-42f7-84bc-46890b330b7e,3b426e11-6474-4ca6-8e48-9e80b18cd736,1099311.202656775,1099311.6648636821,1099313.801751721,6322,200,0.4622069071047008,2.1368880388326943
0ce4f804-815e-43e1-a402-9aa1c71dfa3a,53dfe89a-8102-4086-85f9-8feab140d30f,1099311.20267395,1099311.9014578469,1099313.992225844,6485,200,0.6987838968634605,2.0907679970841855
cfe2c3c4-bddc-4b56-9e00-997ce836449f,55a46424-dc8a-4408-bb90-47e7b7a6401f,1099311.202668089,1099311.576889894,1099314.1854281651,6286,200,0.3742218050174415,2.6085382711607963
23499ca9-fad4-4ffd-8dba-b598b333b517,4d5fc9ec-0170-4a88-adc1-b4297da5604b,1099312.202475476,1099312.2962403672,1099314.3399983721,1365,200,0.09376489114947617,2.0437580049037933
9e9316af-3b37-431b-9141-2f223302a3c4,3467dee3-2b4a-4201-afb4-3a253af3f2f2,1099312.202494732,1099312.329283745,1099314.6981766752,1134,200,0.1267890129238367,2.3688929302152246
31f8f090-c653-460d-86ca-ef4a3e94b4bf,d58f6a04-6c49-4da0-97a2-a89a8f9c9ac4,1099312.202492489,1099312.481222192,1099314.7680861729,2448,200,0.27872970304451883,2.2868639808148146
9afb540c-7c32-48b6-b05e-4da7665e385f,10a77566-30c0-4a98-b443-a2bb542d4dba,1099312.202486643,1099312.512859442,1099314.943094352,5777,200,0.31037279893644154,2.4302349099889398
eecccbb7-2a3e-4fbc-bebf-f4562edfd8c3,19f43658-6e28-40df-86e4-150602676f7f,1099313.203519157,1099313.2463840088,1099315.5121055448,591,200,0.04286485188640654,2.265721536008641
e6bfe708-6f8e-4918-a663-05e6a5a02d1f,3b187a2d-275c-495a-833c-75272901b9ca,1099315.202741924,1099315.326191917,1099316.218153713,2309,95,0.1234499930869788,0.8919617959763855
f80bd8ea-09bb-4cf0-9a05-60c101c4d0a3,64067c58-b338-48a4-85e4-99a236b0af21,1099314.203078669,1099314.309440222,1099316.618556214,1675,200,0.10636155307292938,2.3091159919276834
cdd427b6-b3fb-43cd-a414-7ccdc212a9f5,33dc18f9-e1dd-4050-ba46-e0d05a421864,1099314.203064309,1099314.462199146,1099316.717220788,3597,200,0.2591348369605839,2.25502164196223
d8f95a05-e5cf-4ac5-a2f3-ecd5e8e18634,33f44b99-407d-4305-a98b-04595086eddc,1099314.203075356,1099314.448054673,1099316.913162181,1433,200,0.24497931683436036,2.4651075080037117
022d205a-1d19-4edb-ac90-546e56b746cd,c3ce244b-c729-4d19-9eca-771462a7d8ff,1099315.202737431,1099315.390607265,1099317.478410993,3491,200,0.1878698340151459,2.0878037279471755
0225fbf5-5be8-4708-9c21-4b829d6cf7ad,c95f6829-a53c-4f99-b06f-5fe22ab86fe9,1099315.202739722,1099315.450524167,1099317.636980198,3807,200,0.24778444482944906,2.186456031166017
b57a283a-18fd-4740-b183-2d9192bba587,c198b806-94ef-43e7-b478-51468f60a259,1099315.202734028,1099315.347975496,1099317.658000991,2868,200,0.14524146798066795,2.3100254950113595
c997eaa3-ba56-4e6d-9da4-22f60510979a,11a4e14b-d6c9-4235-a9bf-b4929896ec16,1099315.202717948,1099315.7705897512,1099317.9570732021,6335,200,0.5678718031849712,2.1864834509324282
7e31feb2-605a-41ae-ace1-14a4c33eed19,a37337b3-4345-44c2-99d0-bd4fa96c3614,1099315.202730567,1099315.663911595,1099318.037177244,6286,200,0.46118102804757655,2.3732656489592046
5393bb28-4076-4634-94be-12da321089c3,a0b65a6d-aea0-4f9f-8b88-9eb0305f5ba2,1099317.202778197,1099317.2398653459,1099318.093862949,680,74,0.0370871489867568,0.853997603058815
a5ba8bb0-682f-474a-9793-b29ba5e7130c,c5c63911-9805-4346-a627-b123c84bf691,1099317.202792216,1099317.507153291,1099318.09383711,5898,57,0.30436107493005693,0.5866838190704584
b09577bf-bbd8-47ce-a1a7-b47c8064b2f6,4ae02155-c413-4c65-b178-63d7dab745da,1099316.202747538,1099316.323144418,1099318.7766427961,2380,200,0.12039687996730208,2.4534983781632036
d64cc0e0-c0bb-4f3d-b53d-cf8efd1bcd6c,19c30b89-49e6-4785-b4ec-da68e367d4ae,1099316.202773905,1099316.7000588158,1099318.7853008017,6510,190,0.49728491087444127,2.0852419859729707
2c10c56f-6c37-414c-880c-e567df73d2d9,9079960d-2c5e-4892-b03f-4c965fd9712e,1099316.202766745,1099316.350937838,1099318.838108458,2718,200,0.14817109308205545,2.4871706201229244
1edb42a9-d5b7-4bac-b2f6-3cd046cb203d,92e9c4f3-5a88-45b5-bba4-0d7a61180e52,1099316.202771077,1099316.721586007,1099319.2608862391,6462,200,0.5188149299938232,2.539300232194364
d8028d24-1df5-4424-8b17-bd609bd11cb6,0063e1c2-efc9-4319-b73c-26561d65a9f4,1099319.202894053,1099319.478284271,1099319.828364746,6453,30,0.2753902180120349,0.35008047497831285
bf2d3afe-f44a-40fe-8ba3-083170451322,8094c720-081f-4a98-aca9-d83abaec4c87,1099319.202879829,1099319.3573057503,1099320.439636015,2653,99,0.1544259211514145,1.0823302648495883
2f90f10d-63d2-4069-bb97-da3f9d77b466,2c6e08f1-87b6-450e-a518-3a26ca1469a8,1099318.203522014,1099318.864413,1099320.8700558848,4869,200,0.6608909859787673,2.005642884876579
3eab92d7-aa58-498f-9f36-885084afa499,161520fe-b2a7-4765-9cec-8d3bd6da2327,1099320.202974194,1099320.622237585,1099320.899588593,5224,18,0.41926339105702937,0.2773510080296546
8fcc5ca6-91eb-48ac-8ef2-3e9d5089f6db,933f3928-c5bd-436c-b052-8afb0bd75fd0,1099318.203556436,1099318.4872409392,1099320.9024435573,3976,200,0.2836845030542463,2.415202618110925
92839ccd-4a12-4e27-b80f-d7e3d9b5f647,e4a9abbe-0d10-482c-9e14-ba6fe5099a3e,1099318.203548568,1099318.464685159,1099321.033982632,4519,200,0.2611365909688175,2.569297472946346
be92e996-2ad9-460f-9d61-6106a42ab5fe,64e8c11c-c5f9-4b48-b8af-c0a25c431931,1099318.203553592,1099318.6139797221,1099321.101970182,6306,200,0.41042613005265594,2.487990459892899
99535142-4322-4e2c-a473-162d8b9e9517,19f43658-6e28-40df-86e4-150602676f7f,1099319.202865543,1099319.274355584,1099321.182294346,799,200,0.07149004098027945,1.9079387618694454
9da17e14-637a-4ea2-9446-3de90c10d361,f8ab9d2b-deca-482c-8981-3b28f5058d06,1099319.202890912,1099319.508514858,1099321.2842622572,5006,191,0.3056239460129291,1.775747399078682
5b1e7596-cb9b-4f3f-b56a-2183a58389cc,92dcd987-4459-4c21-98a5-5129ac92bc66,1099319.202887863,1099319.272009666,1099321.967287317,5516,200,0.06912180315703154,2.6952776508405805
e6ba950b-2371-4f19-8175-82096618864c,dd2b277d-7320-4529-bb10-09e0e4b25d8f,1099319.202884173,1099319.5031962742,1099321.99054705,6206,200,0.30031210114248097,2.48735077586025
c41ca0bf-6350-4064-bb5b-e0999e7b0174,3bbe86ed-d7cf-4231-9539-29db62dc29f1,1099320.202966686,1099320.3551367251,1099322.481640526,1166,190,0.1521700390148908,2.126503800973296
357ab38e-2c10-4645-951f-3bae1c22619e,911d7352-a7c8-4221-994f-575ec976f2e6,1099320.202970521,1099320.3828854281,1099322.603184326,2967,184,0.1799149070866406,2.2202988979406655
954a28af-81b2-4644-a4f8-ff37ba39aaf5,11ed2698-a70a-4704-b64c-933c1e3f5226,1099320.202986869,1099320.549433045,1099322.825320883,6042,200,0.3464461760595441,2.275887837866321
86197e8d-9538-474b-a7e9-38a72edf4098,b654d5e6-e3eb-4dbc-aa01-60dee8fba52e,1099321.203409884,1099321.250457467,1099322.903149877,3005,141,0.04704758315347135,1.6526924099307507
356825fb-29ab-4de1-9c6c-6ba16be52582,5af26803-465f-4efa-ae1e-28fcc54ee796,1099320.202977516,1099320.272124222,1099322.944648105,716,200,0.06914670602418482,2.672523882938549
b331ab83-bcc1-47b1-b5f1-727618bd3d56,61aaf7d9-5163-47db-a2f7-a5dfc87dc710,1099320.202961158,1099320.485125373,1099323.018839079,4900,200,0.2821642148774117,2.5337137060705572
14cd846b-f6a3-4f2f-a86b-5e611d2ba3e2,1b9f3c6e-4241-411f-9c01-bd9aebebcbcb,1099320.20298357,1099320.558876367,1099323.0165291,6052,200,0.3558927970007062,2.4576527329627424
e77ad5a4-ae64-448a-8b37-c8893d4eb5c8,384c381c-9e43-46bc-ae6e-f423ed8194ee,1099320.202980569,1099320.6096155422,1099323.0752896061,5900,200,0.40663497312925756,2.4656740638893098
6f5c9b8b-b0ee-4e72-8a6f-fb8946facac0,bba30c2c-2f5f-43ba-8618-041c52204c6e,1099320.202890204,1099320.731423125,1099323.313616105,6296,200,0.52853292087093,2.582192979985848
34b6450a-3fbe-4ba2-b3da-8a3ae66c862b,cb361646-3167-4aa2-89ea-dddda78b2cfd,1099321.203413012,1099321.871118151,1099323.991253832,6170,200,0.6677051389124244,2.120135681005195
f18e28f4-d441-435c-a407-0556743c1a0f,2aacea92-7898-4f60-9526-e7a073521d56,1099321.203397789,1099321.62600819,1099324.0722032671,6208,200,0.42261040094308555,2.44619507715106
2bb36edb-6483-40a7-8e9d-8f0a29e8859f,7723dc1d-0386-43ac-af6d-ef2def14688b,1099321.203415271,1099321.7474023958,1099324.1674461027,4651,200,0.5439871249254793,2.420043706893921
4eb17058-5a71-4b0e-8b30-f5195c0c9fcd,a7425cc4-79f2-4dae-8f42-818f7b68fee9,1099322.20259197,1099322.3294694219,1099324.492160224,1294,200,0.12687745178118348,2.162690802011639
95c4c9f6-f3fb-4e1a-84e3-0c077a1ca75f,57727da7-a89d-4b07-b497-8a4ae07e2f57,1099322.202562381,1099322.3310154441,1099324.493820215,1836,200,0.1284530630800873,2.162804770981893
45b8d0dd-0546-4e2e-9f97-0aab1834bbd4,b9128bf0-2636-4290-afce-cc0c01a9a3d0,1099322.202595986,1099322.55547499,1099324.6604069269,5807,200,0.3528790040872991,2.104931936832145
b07922cb-a1c8-4380-89a7-04390362e504,46895bab-7df6-44fa-8603-fc2f9ac66342,1099324.202715392,1099324.4172988988,1099324.661237919,4684,25,0.2145835068076849,0.24393902020528913
505aa0b9-58fc-4e2f-b94d-8745a3c9c104,6b878a33-5f67-484e-9f15-8dc6a9ae6662,1099322.20259861,1099322.763083997,1099324.753702459,5204,200,0.5604853869881481,1.9906184619758278
4577e70f-2524-4fa6-b936-9018dca8db7c,30910795-649d-4c33-afd7-634035edf721,1099323.202841503,1099323.254219834,1099325.580766975,584,200,0.05137833091430366,2.3265471409540623
27b82e8a-e565-464e-9ccc-be4694cfe0af,4368eee3-45f1-41a9-9c4f-60292d5f062d,1099323.202855495,1099323.710667481,1099325.612131671,6290,200,0.5078119859099388,1.901464190101251
db733a05-ce5f-46cc-9379-3abb54f06292,02fdc58c-4081-4c4f-b08f-be89fc1991ff,1099324.202697923,1099324.390000069,1099326.103420669,2926,137,0.1873021461069584,1.713420599931851
e3ce0b94-3462-4189-895e-194e5702dd66,89cf2e96-a828-4fa8-862d-c0d888d66892,1099325.202743893,1099325.372090392,1099326.503785359,3903,96,0.16934649902395904,1.1316949669271708
b0f924f4-b4ff-4740-b4bf-4a42eb7fb61c,d99bd3a4-aa98-4081-914d-d5fe46dea9f9,1099324.202718475,1099324.442880267,1099326.829935242,2910,200,0.2401617921423167,2.3870549749117345
9a7d58a6-3d82-45c0-841a-bc15ad289dfc,32495d31-4c0d-459b-9532-97f707faea14,1099324.202711096,1099324.5165630681,1099326.970124834,2840,200,0.3138519721105695,2.453561765840277
56c14d8a-6955-4095-a97a-0aa19798cc7f,a2ba86da-8f5d-49d0-8042-bb89ccc41566,1099324.202721308,1099324.755018481,1099327.004359865,6712,200,0.5522971730679274,2.2493413840420544
f0a65278-8795-440b-b155-cbbc06bf8711,7dffa10a-2db3-48f9-af53-bddccb30f2a3,1099324.20272392,1099324.7850020672,1099327.11578968,5398,200,0.5822781471069902,2.3307876128237695
01d1e46a-d832-40c6-88fd-c3a6e127f462,1154a913-bc2a-415a-8f60-85869c412d08,1099326.203603791,1099326.488500097,1099327.9529320002,2861,173,0.284896305995062,1.4644319030921906
71116b10-70c6-45f4-904c-ce9720b79b31,01580029-b853-4a73-96e9-198754e7c6cf,1099325.20271378,1099325.5750706992,1099327.9801946322,6429,200,0.37235691910609603,2.405123932985589
22b45d90-e8c6-4508-9025-b954042bfd55,f4ce3a5f-61fc-46ac-b8d6-7237cfa94dd8,1099326.203582278,1099326.482641156,1099328.443522958,2579,200,0.2790588780771941,1.9608818020205945
676691e0-9db9-4cd6-9e8f-69220f86ba54,204273a2-855e-4d3f-a888-b616d96af04b,1099326.203600686,1099326.492739741,1099328.455381844,1457,200,0.28913905494846404,1.9626421029679477
4b83a07f-2f52-4f04-b6dc-46b31e0c8115,cf3db011-98a5-4583-9d91-eb16b37b5740,1099328.202941136,1099328.292799394,1099328.50791348,1489,27,0.08985825814306736,0.2151140859350562
fe4d97a2-de07-4ee3-84a3-cab257ce34f4,16679acc-88be-464c-9a63-9da521e2e518,1099326.203596834,1099326.495615384,1099328.7786443941,1399,200,0.29201854998245835,2.283029010053724
d4b12716-ce7a-4053-9ac0-d07ae5d9958f,78cd1186-1eef-46ee-8b61-c9af4f4d299a,1099327.203263317,1099327.281246254,1099329.247336887,1864,200,0.07798293698579073,1.9660906330682337
8e5b9f2c-ed1e-4833-a794-32216af03091,836ee29e-1beb-4a4a-b34c-09adeb26ed0e,1099327.203260905,1099327.340812419,1099329.3785884392,2845,200,0.13755151396617293,2.037776020122692
c68cdb95-3870-4c88-90ec-cd03fcdcb212,d24c0cc3-a163-4cd4-9cf2-de41d5c96f4a,1099328.202970093,1099328.3872744371,1099330.172580311,2594,200,0.18430434400215745,1.7853058739565313
5e72a160-22ec-40de-9823-cdedb7a96ca6,dc01cdfe-5594-4022-adeb-04dcc93573b5,1099328.202960033,1099328.6707897098,1099330.385559602,6379,148,0.467829676810652,1.714769892161712
d6408faf-79df-4665-9b50-023a8d64748f,c7558f93-f86c-4355-a7b9-c08b9ddff562,1099329.203349196,1099329.5096967698,1099330.4902813819,6328,96,0.3063475738745183,0.9805846121162176
e273fa71-1cff-46bf-a5c1-1fb56c2e90e2,5c6dbd73-124d-4f21-a64c-809c57a1c193,1099327.203258252,1099327.659959988,1099330.513866321,2011,200,0.4567017359659076,2.8539063329808414
e2b210bf-e77d-4d40-8fe3-1284a226c991,b43a54be-56bf-4383-90c8-2237a54a894d,1099327.203243315,1099327.753934614,1099330.5662369519,3858,200,0.5506912989076227,2.8123023379594088
8f1c8b29-018e-4aed-81c2-1af5e8c4aed8,a89382a8-dc9a-4c53-8dd0-6dea43247d09,1099328.202974202,1099328.374790386,1099330.674439965,2424,200,0.17181618395261467,2.299649578984827
55b18137-d6c2-4f79-a52c-b8a80319f628,1ce0cc43-25d2-46e0-91e4-43901076cdf9,1099328.202978486,1099328.456085911,1099330.715913137,3814,200,0.25310742505826056,2.259827225934714
bb9bf0ab-d0f1-401d-9786-f4fc4b054a0a,ceefa533-f37a-4408-af9f-4ed7830209c4,1099327.203254977,1099327.9858567899,1099330.734369484,6374,200,0.7826018128544092,2.748512694146484
bfda1829-2866-4b56-ad68-75f667dec694,81f274fb-2e6f-430c-bca5-cbd3ec69d401,1099328.202965983,1099328.761221286,1099330.882530016,6411,200,0.5582553029526025,2.121308729983866
e87b5317-5837-4dbb-89cc-ddc39be7a262,0cc9d424-bac5-4b90-91be-d0bfd95d6437,1099329.203337261,1099329.5304254382,1099331.378850249,6356,200,0.3270881772041321,1.8484248109161854
81524b23-3235-4068-b81e-acd45eaa7785,3467dee3-2b4a-4201-afb4-3a253af3f2f2,1099331.203115424,1099331.442964661,1099331.7859493229,1273,26,0.23984923702664673,0.3429846619255841
f50ef095-b489-4b30-b264-ac3341048a0b,2d3d4654-4672-47a0-8065-8167b1e24cd1,1099331.20309522,1099331.404970514,1099331.95544505,3299,47,0.20187529386021197,0.550474536139518
d412f9cd-3308-4024-81b9-56351d46dccc,d15044b7-c396-404e-998e-93e71a743f28,1099330.203548746,1099330.3644507742,1099332.095988337,3230,200,0.1609020282048732,1.7315375627949834
fa673cfe-4e01-4359-8ebc-f49e0c750906,69adc9c9-2273-43eb-a23c-a4efe562816a,1099330.203525837,1099330.3547878892,1099332.406362093,1627,200,0.15126205212436616,2.051574203884229
92abafb8-c3ca-460d-a8bf-0764c7368645,906139de-bfcf-4e94-9bec-98a4621dbed1,1099330.20355178,1099330.4579129932,1099332.424975549,4686,200,0.25436121318489313,1.9670625559519976
45099730-cf39-40ff-b73f-99d94c9a95ae,d846d4b2-4867-4720-9892-d49f8c7696e6,1099330.203540959,1099330.4245771721,1099332.662865443,3601,200,0.22103621321730316,2.2382882707752287
3043ea57-6f42-4ad9-9128-7743b53e563c,2a1bf603-2bcc-4001-9fbd-8c61855c48e1,1099330.203545436,1099330.6088758812,1099332.7396105092,6870,200,0.4053304451517761,2.1307346280664206
9d74fb5b-e436-4a27-9f4d-f7fab70f0743,b47106cb-dd37-4a20-bc93-0ce5135521ea,1099331.203119176,1099331.3198014,1099333.3464166129,2068,200,0.11668222397565842,2.0266152129042894
e60a0668-e2d3-4499-8e13-3f639cabcb6a,6a0f8598-e547-4e24-8413-65bc893e194c,1099331.203110907,1099331.3006663371,1099333.522969353,1560,200,0.09755543014034629,2.222303015878424
d2e9b9ce-69e6-4247-acaf-4d72ee37dd77,c7344d02-17ce-4505-8d92-ada61240d9c1,1099333.203186995,1099333.3967457248,1099333.7822259509,3204,27,0.19355872995220125,0.38548022601753473
ef64d023-85a9-45b1-9fb6-ff6bd74c42ed,dd8abcd2-6f78-4e3c-b821-2725f6f61b99,1099332.202635537,1099332.332572925,1099334.170721431,2037,200,0.12993738800287247,1.8381485061254352
6168c105-5788-4652-998c-85e461f34cdb,016dd4b2-29b2-4b1e-8e7a-9002ec0e19e8,1099332.202624293,1099332.3411378122,1099334.3941521011,2253,200,0.13851351919583976,2.053014288889244
d4d4b967-a2cb-4acb-847e-12cb4c228103,cc7c6485-ac31-423b-8903-23389e9ecb8c,1099332.202643975,1099332.57557385,1099334.762137625,6584,200,0.37292987504042685,2.1865637749433517
c024093f-21ad-4fed-8fa9-1ae7ce1e4d6a,d350830f-1917-4e57-b61a-d5974c15409d,1099332.202639152,1099332.662831268,1099334.798393233,6302,200,0.4601921159774065,2.1355619649402797
e167cc1f-3e7a-44fa-8bd7-82e7869679c0,21d6c7bf-0824-4d6c-ae87-342ca4d3bf10,1099332.202641748,1099332.86274707,1099334.9099008199,5845,200,0.660105322021991,2.0471537499688566
46d561a7-8076-43cb-91cb-672a3375707c,166a2dc5-002f-4a10-b639-bb2203757854,1099334.203204371,1099334.2794987,1099335.0371153082,1040,53,0.07629432901740074,0.7576166081707925
7ee9da4a-78dd-4a29-968d-07e49aa9184e,93047e83-9aeb-4634-bc01-01c7fbdbf63d,1099333.203189833,1099333.51274228,1099335.449289832,6141,200,0.30955244693905115,1.9365475520025939
37d2ced7-7e56-4d0e-9b27-ce37f92ec15a,41023a8b-aed5-4fd8-859a-6c48e8160fdf,1099333.20319243,1099333.3580538009,1099335.733720602,3132,200,0.15486137080006301,2.3756668011192232
3016c704-66c4-42fb-b9c8-53c06f5c6807,190e5313-6c7f-41ec-98a7-7c21e80df0f7,1099333.203141498,1099333.810077636,1099335.952806907,5404,200,0.6069361381232738,2.142729270970449
2d05039b-46b7-457f-8204-f9ddb4ed5c99,4f425ba0-648a-4d9f-ac1f-e294980d4117,1099333.203182755,1099333.930477005,1099335.973605622,6098,200,0.7272942499257624,2.043128617107868
50076c95-b337-4cad-9e7d-46a33e182903,02fdc58c-4081-4c4f-b08f-be89fc1991ff,1099335.20318973,1099335.355473013,1099336.4470921569,2920,92,0.15228328295052052,1.0916191439609975
7ef3b033-a757-4f17-b794-c6c187b63c85,9241e5d4-7685-47e9-8f12-d51806022933,1099333.203194588,1099333.5942347338,1099336.469272132,5539,200,0.3910401458851993,2.8750373981893063
fe03856f-62fe-4efd-85da-67e2c6791b78,52b8d013-981a-41d3-8520-eb23e5010775,1099334.20320816,1099334.507760918,1099336.7329053748,6333,200,0.3045527581125498,2.225144456839189
e7409323-9236-40b2-b490-e0c3286f5828,c9558e45-2a86-403d-85c0-a9d29a0abf12,1099334.203183047,1099334.5324702722,1099337.0068687322,6149,200,0.32928722514770925,2.4743984600063413
0af55d50-b480-41ce-a873-f5caa41f58f5,13c8030e-be08-44bc-b1d5-1304416e7a6e,1099334.20319939,1099334.674526822,1099337.0549374341,5933,200,0.4713274319656193,2.3804106120951474
b89c1082-8479-4fbf-b6ed-e07aa919c0b0,62f03492-233a-4c73-8583-919a97f51a7b,1099335.203209593,1099335.3424043881,1099337.179469501,3047,200,0.13919479516334832,1.8370651127770543
87fbbdd0-7bfc-45e2-8bd9-371a046cc5dd,5fcd7bbd-da7e-4afa-95ef-18c316df5c14,1099335.203207186,1099335.480094252,1099337.419313127,6235,178,0.2768870659638196,1.9392188750207424
fb3aafe2-9c5f-44bb-8bb7-27ae218300b7,e7f01139-1e4b-4422-b528-7ad4ccbd6ad4,1099335.203201405,1099335.466975896,1099337.557630253,5423,200,0.26377449091523886,2.090654357103631
4513a749-dc2b-4689-acf6-d494ecc416d6,e89d00a2-aef6-4faf-a8f6-58052acdc0b2,1099335.203204815,1099335.614583713,1099337.835321869,6044,195,0.41137889795936644,2.2207381560001522
8341731b-ea88-497a-b0b5-4b580169837b,97e65553-6ec9-44f6-b7dc-aa1fa5954746,1099336.202608317,1099336.236071724,1099338.223808294,561,200,0.03346340707503259,1.987736569950357
f1b23f63-b91a-4a22-9dcf-5a19fe4d65b2,e5f01142-a764-4c98-99a0-2f3f3a2ca72e,1099336.202626478,1099336.336749407,1099338.299408748,3003,200,0.1341229290701449,1.962659341050312
411d7f62-7f1b-45fa-9c9d-d4e02e8cd44c,c05c0df3-80d9-442f-a144-81fd355df20d,1099336.202623734,1099336.4892469791,1099338.9328463401,1393,200,0.28662324510514736,2.4435993609949946
4bab0c97-2ea7-4aa0-a212-a0a80fde2af9,25393e40-5018-4c88-bbfc-16af8222a20f,1099336.20262042,1099336.699966992,1099338.9407069238,6481,200,0.49734657211229205,2.240739931818098
6508455a-8138-44ad-8903-e84ee4310358,8585d648-662b-4513-978d-bb2f7c87f898,1099337.20275006,1099337.34789882,1099339.2958840919,1310,200,0.14514875994063914,1.947985271923244
882d0d30-8904-434b-8d3e-8864318bf5aa,abc0c6cc-0bfe-4666-83e8-64b03ca4efa9,1099337.20274731,1099337.498816257,1099339.2967787702,3583,186,0.29606894706375897,1.7979625130537897
14cbe6a3-d167-4169-a349-90047aac361f,46bf7e07-8121-40ed-8854-6f622d8117c7,1099337.202752235,1099337.654359139,1099339.3315141702,6412,164,0.4516069039236754,1.67715503112413
3a53f64b-fdc6-4611-ade5-90df5146fe98,ca330d28-a7ef-4a25-a6cc-51578e715514,1099337.202729112,1099337.600676982,1099339.654069207,6066,200,0.3979478699620813,2.053392224945128
38a91b63-6d61-4e83-9806-3e48ed39fee9,bfa767e2-3dd3-462a-8100-22c9a1611ab7,1099337.202754628,1099337.406985211,1099339.6507791649,2839,200,0.2042305830400437,2.2437939539086074
50c94a71-4682-4214-90e5-eeb093d0c9c2,15fbccdc-7622-4cd8-b468-066ca318efea,1099337.202741266,1099337.6973821828,1099339.6543462109,6414,200,0.4946409168187529,1.9569640280678868
37423a69-04b5-4e0d-bdb4-cafc2ed05560,362e7dd0-a233-4042-adde-c1e9626a0aef,1099337.202744608,1099337.534125583,1099339.8106249052,6451,200,0.33138097496703267,2.2764993221499026
7b23b6bc-4c19-4f3a-a9c9-9cca1592ec7a,44e83e1c-1083-44c9-9f17-132d04102b38,1099338.203348421,1099338.462237914,1099340.188680765,4323,150,0.2588894930668175,1.7264428508933634
4ff5c2c6-180b-433b-b29f-e594c7ae8c46,10a77566-30c0-4a98-b443-a2bb542d4dba,1099338.203360311,1099338.5356485068,1099340.6663670938,5807,200,0.3322881958447397,2.1307185869663954
c823d3c9-a3f4-4ae7-82d0-171aa1b51416,33dc18f9-e1dd-4050-ba46-e0d05a421864,1099340.202826632,1099340.2909571219,1099340.679525132,3597,28,0.08813048992305994,0.3885680101811886
8c8739b9-d2c3-4a32-a007-983f1878c5de,33cf4974-3a90-4987-86e1-7c8c5d8040df,1099338.203363481,1099338.539054327,1099340.7740682708,2593,200,0.33569084596820176,2.2350139438640326
d7fbc38e-7433-4310-bd1a-772480bce30f,c174f84e-239e-4505-9877-710ea1e1aa00,1099338.203365829,1099338.643702306,1099340.818373659,5479,200,0.4403364770114422,2.17467135284096
4135ca3d-cf49-4f5b-84b1-feb8b8ee9bfe,a0b65a6d-aea0-4f9f-8b88-9eb0305f5ba2,1099339.202652376,1099339.290587304,1099340.9190154609,752,137,0.08793492801487446,1.628428156953305
f3d9eba3-d0c3-405e-b3ad-a2848804cb4e,9e3c8867-59dc-4f49-8675-cc60714855dc,1099340.202821152,1099340.3563330069,1099341.1136775098,3706,79,0.15351185481995344,0.7573445029556751
ab166ef0-9c7e-4e29-96d5-c4bdd56071ea,47655980-12c4-4dd9-9ee0-ecc634eaf4db,1099339.202641948,1099339.304999152,1099341.521581722,1426,200,0.10235720407217741,2.2165825699921697
a49e7fbd-3b01-42bc-8253-362529a7cad1,ffd0b423-c554-4d30-981b-d5ee5c345c99,1099339.202655566,1099339.44910723,1099341.598418184,5077,200,0.2464516640175134,2.14931095414795
a90c6739-6101-44a8-855e-c2a98a93a09b,6f63a0ec-64b3-4d1a-9be0-a212dd89aac0,1099340.202834181,1099340.369075888,1099342.391473101,3238,200,0.16624170704744756,2.022397212916985
c8243868-16e4-40c1-9bee-a9efefaaec5d,57c2ac45-8120-4e87-a94f-6da7772b8f3c,1099340.202817765,1099340.279380612,1099342.428999344,655,200,0.0765628470107913,2.1496187318116426
6a29360f-d2e7-4728-b88e-b30179fd9d95,0ea7eebf-4e91-49b7-886d-7fde689bef99,1099340.202828948,1099340.4309040778,1099342.558244549,3941,200,0.22807512991130352,2.1273404711391777
14fa4a6e-1d10-4886-bbb7-b1a73e127c7e,90d228aa-55a6-47fd-8f46-cd871d180b10,1099340.202824189,1099340.538292638,1099342.6036652762,6490,200,0.3354684489313513,2.0653726381715387
d1106e4b-5e48-4960-ba3a-f045a6e06784,b654d5e6-e3eb-4dbc-aa01-60dee8fba52e,1099340.202805822,1099340.392387444,1099342.7253808319,3086,200,0.18958162190392613,2.3329933879431337
fb2b813f-a815-470e-a12d-66a2269d551f,e5f863e9-3a7b-4d7a-bdd2-60bc8ad6448d,1099340.202831851,1099340.823245782,1099343.04203688,5945,200,0.6204139308538288,2.2187910981010646
068133b1-ebcd-4564-878b-af3ef0349878,f27570f5-c473-4259-ba07-f87fff5089de,1099341.202924519,1099341.3292892512,1099343.5903050143,2390,200,0.12636473216116428,2.261015763040632
8e6f0670-af09-4d5a-a8b7-2628044bae6f,54d11fb0-e397-4273-8b83-8a5523a7ebef,1099341.202939757,1099341.5879979779,1099343.758729698,6127,200,0.3850582209415734,2.170731720048934
a057ff15-d526-422b-9e74-2878c69faa1f,eee60849-6a21-4615-8b42-be632d4dfff0,1099343.203363867,1099343.509733604,1099343.7913152028,6475,22,0.3063697370234877,0.2815815987996757
761fac84-68ab-481e-bbe6-e45fb6515950,94ba9780-3dd2-4cca-af8d-6f5168719d51,1099341.202936574,1099341.6572562887,1099343.8828134297,6382,200,0.454319714801386,2.225557141005993
80786450-26ce-474b-a53a-c7ec91c2b4aa,3a2ad835-f604-4d73-8e3d-7ad4422a62af,1099342.203190607,1099342.329817577,1099343.987135827,1575,153,0.12662697001360357,1.6573182500433177
922bd150-715c-4fe4-a034-c9f79631de1f,b4c5b5ea-ee65-4239-bc1f-6b1f8a4f5a2a,1099342.203198983,1099342.444169757,1099344.226841846,1053,200,0.24097077385522425,1.7826720890589058
a749720a-1892-4428-bade-b6a107e59854,4a8c5b6b-e155-42ad-badf-17b8d48d8aa9,1099342.203202133,1099342.50077573,1099344.2419012862,4771,200,0.2975735969375819,1.7411255561746657
d9294efe-5988-4ad6-b2f8-295fa41c83ef,f3b6de5c-404c-4234-843a-c5a9646cfa64,1099342.203195435,1099342.6026407701,1099344.308560278,4999,200,0.39944533514790237,1.7059195078909397
6dd6b1e3-c496-4702-8fc0-caee15af7f8f,5363cb6c-edd6-43d7-9a0e-58df46053aa0,1099342.203178149,1099342.71404273,1099344.661559413,6208,182,0.5108645809814334,1.947516683023423
fccf4d7f-6ffc-422f-9994-2bb31132e663,c5c63911-9805-4346-a627-b123c84bf691,1099344.203291072,1099344.656015523,1099344.8535808471,5898,24,0.4527244509663433,0.19756532413884997
2403f448-e370-4dad-b9b2-2c26dd19bce6,aed0c80f-ef61-4db3-a266-35516e5cb5b1,1099343.203326054,1099343.2835425548,1099345.317633726,817,200,0.08021650090813637,2.034091171110049
ad88f968-1ce8-4789-8ef2-8c5568538607,89cf2e96-a828-4fa8-862d-c0d888d66892,1099343.203356674,1099343.448894031,1099345.342824998,3915,200,0.24553735717199743,1.8939309669658542
fd192a6b-cd69-4346-82c1-f1deffa2ac24,df610493-d9b3-4cab-9031-cd61146f0162,1099343.203360988,1099343.734761948,1099345.751464043,5543,200,0.5314009599387646,2.0167020950466394
555f8cf7-003f-4e0a-98d1-1661c03f73fc,eb8d5825-451b-48b5-839c-bd3f2e385b6a,1099346.202545201,1099346.456010283,1099346.6051803771,5548,18,0.25346508203074336,0.1491700941696763
23eae34b-10b1-47cc-851c-45ed40b895b3,67758644-12b8-4d98-b640-a9e8ac069351,1099344.203265096,1099344.268416126,1099346.8047703041,753,200,0.06515102996490896,2.536354178097099
8dd02c62-6b46-461d-8913-bf460a2782fa,552bec3f-53c2-4c84-990b-b3a31a68408b,1099344.20328761,1099344.4942785029,1099346.923537626,6027,200,0.2909908927977085,2.4292591230478138
a0767a2a-d542-4854-b46e-38bdd3777293,ac793620-cf14-4d0b-85c9-285d6602176f,1099346.202559704,1099346.529278462,1099347.0665488332,5844,54,0.3267187580931932,0.5372703711036593
4c8cabd0-5cae-43ba-971a-0ab5f61b42bc,fe06d773-cd9a-42bf-b1d7-614c1c625f07,1099345.202812787,1099345.4788790469,1099347.664895047,6445,200,0.2760662599466741,2.1860160001087934
b00564cd-2e2c-4581-8673-ae1cbcae17be,d81300c0-9e09-45d8-84f5-e342f80ca6d0,1099347.20358744,1099347.612029137,1099347.9429973753,1556,54,0.40844169701449573,0.33096823818050325
3937e842-4b03-43d6-8244-b08997a9a421,c345f567-40a1-40e3-a7db-ec4eebc90342,1099347.203547693,1099347.60341646,1099349.0977709051,2214,176,0.39986876701004803,1.4943544450215995
024b0cc2-513a-4262-81ff-dd3ec2c88f32,e2bb5c6d-8f13-4395-8e28-67275d11e72f,1099347.203614441,1099347.6060331068,1099349.172935604,4898,174,0.4024186658207327,1.5669024970848113
5aec1134-5988-4315-a051-b1ac70b5659f,476ae43d-0078-4849-b929-279b27c39df4,1099347.203594378,1099347.6041613962,1099349.2221834902,2071,200,0.4005670181941241,1.618022094015032
54f27083-2ea9-4948-ab36-724426b81e66,86d09864-dcbe-4969-a05a-452e67900a33,1099347.203618252,1099347.602091323,1099349.335555408,934,200,0.39847307093441486,1.7334640850313008
6332c8f8-85ef-4e6e-9288-6b314b0d2b45,64e8c11c-c5f9-4b48-b8af-c0a25c431931,1099347.203610581,1099347.6133436442,1099349.450324112,6306,200,0.40973306307569146,1.8369804678950459
7dd6853e-861b-45cf-b39a-e93617d050f4,92822c32-6058-49fd-aa9c-0152bb38bb78,1099347.203602762,1099347.6163522778,1099349.6592752298,5899,200,0.41274951584637165,2.0429229519795626
5720950d-791d-4aea-b3bc-a08aafae27b2,01580029-b853-4a73-96e9-198754e7c6cf,1099347.203598905,1099347.6146312559,1099349.6609986268,6429,200,0.41103235096670687,2.0463673709891737
5ec1a9db-5a67-444a-a00d-b842d22f2b74,e6243e0e-ad1e-4a16-879e-261b38fae842,1099347.203606791,1099347.723195285,1099350.0212448232,6151,200,0.5195884939748794,2.2980495381634682
7697e6c2-c2f0-42c7-890e-6a6df590625a,3e00352b-6285-4cdc-8dfc-1d1702987206,1099348.202823902,1099348.532999298,1099350.449069268,6445,200,0.33017539605498314,1.9160699700005352
04b130d2-fa83-4a4f-83b8-117ecd1fe253,81c78a47-73a3-4cc6-bfcd-adeee5d6b0a1,1099348.202820348,1099348.279371485,1099350.5554837952,880,200,0.07655113702639937,2.2761123101226985
e04c0e03-6e06-46b7-a35d-de3cc159125d,f770f11c-09f2-44dd-90f9-95c49f8ca462,1099348.202808654,1099348.50247774,1099350.894291811,6098,200,0.2996690860018134,2.391814070986584
0b5fe77a-0419-40f1-a377-dd04a25c607f,420cc219-d4c9-4156-b463-edb91ecbe2ab,1099349.203218159,1099349.3499785198,1099351.107431979,3103,200,0.14676036080345511,1.7574534590821713
6ba11b9e-b913-41d0-9759-e64bee9ccfc3,a89382a8-dc9a-4c53-8dd0-6dea43247d09,1099349.203206993,1099349.341649111,1099351.372417453,2571,200,0.138442117953673,2.03076834208332
00da03f6-2551-47c3-8e96-bb9c346957e6,07f0c3ff-5938-4755-a9a6-43ea470fbb04,1099350.20325661,1099350.3059163352,1099352.280920125,2145,200,0.10265972511842847,1.975003789877519
e75c2126-42b4-4b73-b3ca-c589d22d19d7,df0a35f9-6001-4df7-9553-17f2347760bb,1099350.203251063,1099350.4862869917,1099352.4795478308,5674,200,0.28303592884913087,1.993260839022696
0c80ed5b-f1a0-4742-b8fd-458423c7bd5c,5b7afdee-bc23-4cea-8c95-ee1786504a83,1099350.203235898,1099350.445507556,1099352.573357336,4896,200,0.24227165803313255,2.127849780023098
c45075de-1971-45e5-935e-0fe4cc8c983a,a38cc03c-0c15-4c65-b327-0a790b0f3638,1099350.203247738,1099350.533632935,1099352.6038733202,6372,183,0.3303851969540119,2.0702403851319104
df8340ec-e132-4834-81d8-7ef6d12c59a8,08648f01-3d60-4970-b1a8-6c2826c616cf,1099350.203254087,1099350.56134464,1099352.614359157,6432,200,0.3580905531998724,2.0530145168304443
229d72ed-759d-4841-8815-77993d4fadf3,2de8f2d6-66ab-4a07-90f9-203b01c54d88,1099350.203258964,1099350.568863661,1099352.7983965129,6149,200,0.365604697028175,2.2295328518375754
263989ba-63e8-4f2a-ae76-4295ff60368b,bfc76f09-b01c-4274-839d-03bd7e06f88a,1099351.202592503,1099351.490127441,1099353.662182765,6283,200,0.287534937961027,2.172055324073881
f54aa089-0be9-4600-863d-ae5244424dbf,c648cdc5-98a2-415a-aa4a-842fb1b3b4b2,1099352.202641169,1099352.2591723423,1099353.8379937,261,148,0.056531173177063465,1.5788213578052819
c263321a-d47d-4147-ba5d-93753300c7ae,05632621-7db2-4736-b11c-644a5c05ada0,1099353.20334499,1099353.604574862,1099354.037140993,6278,38,0.40122987190261483,0.4325661309994757
24d4ca22-be36-4713-8f40-7adacc668242,41023a8b-aed5-4fd8-859a-6c48e8160fdf,1099352.202626482,1099352.242731286,1099354.160506981,3132,200,0.04010480409488082,1.9177756949793547
3e4f1558-1e7f-4b8a-9fec-ca6a02dc4aca,e6b65716-92ee-4955-bcc6-66ecf37edfd1,1099352.202649322,1099352.3215581642,1099354.198771655,1985,199,0.11890884209424257,1.8772134908940643
51564d88-f19a-4cc3-9bbf-08ec416f9170,edf00561-d5fd-43db-891d-a57747fab3fc,1099352.202645742,1099352.474288561,1099354.713956403,6048,186,0.27164281881414354,2.2396678421646357
3046983d-76e9-4ed8-9069-9209b1cf73b3,a0b65a6d-aea0-4f9f-8b88-9eb0305f5ba2,1099354.202664671,1099354.251981324,1099355.824450412,834,127,0.04931665305048227,1.5724690880160779
13951284-6dca-4af4-aa84-51d44071ce22,a24e58f2-2110-4c13-b7a6-ccba1267dbc0,1099354.202695308,1099354.364986668,1099356.16093953,3778,200,0.16229136008769274,1.7959528618957847
1b7c8b0b-2a9b-4f28-b986-731d04e5b354,145e5f0d-7ea8-47b9-b4c3-c7f6cf51725e,1099355.203412647,1099355.3793894548,1099356.2836041008,3441,94,0.17597680795006454,0.9042146459687501
bf11bd3f-74a6-45f1-b955-0052a8ecc8be,38274d58-563a-4896-ae8c-7920e3737a7e,1099355.203420308,1099355.617954237,1099356.461684763,2949,63,0.41453392896801233,0.8437305260449648
242e7706-d587-48cd-80b3-88b2b804e17c,3843b2c1-db08-4327-bab6-6c5f8f1d4ce6,1099355.203416052,1099355.435613272,1099356.625057596,2870,124,0.2321972199715674,1.1894443240016699
95fcd917-a1cc-4206-93cc-2c4980aa6861,2b648323-c36f-4d40-a568-1b308a23e4fb,1099354.20270343,1099354.24962394,1099356.731020501,830,200,0.04692051000893116,2.481396561022848
d833f511-9255-4de7-9918-5be2ed3f3ceb,2837df08-d441-40c9-a309-8d7d55e0a257,1099355.203390785,1099355.360652016,1099357.68184413,3172,200,0.15726123098284006,2.3211921139154583
00d2d849-3041-4e91-9169-dcaec5a437df,2e6d427c-5d5d-4341-bd59-5c0bf98acf50,1099355.203422568,1099355.4366418312,1099357.756094692,3323,200,0.23321926314383745,2.3194528608582914
a35cead1-623b-4365-8bfb-0f201953f78b,b4c5b5ea-ee65-4239-bc1f-6b1f8a4f5a2a,1099357.20297961,1099357.304031288,1099357.791467864,1114,35,0.10105167794972658,0.48743657604791224
8c135bf4-9a76-47b5-8715-d1ce3e3ce37d,bc1de8c2-a6ae-4eed-92df-8609cafce1c4,1099355.203407781,1099355.377376433,1099357.81577277,2711,174,0.17396865203045309,2.4383963369764388
df0119ae-a778-4e3e-8acb-0e119ad8da8e,abc0c6cc-0bfe-4666-83e8-64b03ca4efa9,1099356.20266018,1099356.5426651349,1099358.053857155,3663,113,0.34000495495274663,1.5111920200288296
c8ec3594-ec21-4781-b92f-11638a66ad43,e4212cdd-4eb2-432c-8728-ac09b26569d4,1099356.202662853,1099356.422353126,1099358.633554366,4016,200,0.21969027305021882,2.2112012398429215
d0e86c0c-e55a-40b7-a5c2-3a8741773200,00350808-5c9c-404f-9bcd-c153da1e8468,1099356.202657504,1099356.3504122398,1099358.702980545,2916,200,0.1477547357790172,2.3525683050975204
e6a679a2-b3aa-4fe2-9faa-8b9584fa986e,f59505d6-2c8a-4269-b06b-4a09a34c57e0,1099356.20266531,1099356.626777343,1099358.896957658,5835,200,0.4241120330989361,2.2701803150121123
ed6547af-339e-40d1-9862-795acc395729,346884c6-d766-4ec5-aa72-7b2d60af0395,1099356.202654245,1099356.6031732322,1099359.05287922,6852,200,0.40051898709498346,2.449705987935886
081b29ec-3344-4a29-93ed-b36caede667d,02e62337-ed7a-4bd2-a1e6-766865751cd0,1099356.20264202,1099356.378712095,1099359.3684474172,2689,200,0.17607007501646876,2.989735322073102
979c4f74-e4c3-48f2-b76d-cfa15fd41858,1bf26568-c5c1-4e78-8ba0-796957c5b747,1099357.202982135,1099357.30892003,1099359.386738926,1832,200,0.10593789513222873,2.0778188959229738
ff8713bd-6d48-4adf-ad67-0fff45a718f7,743528ce-8ff5-4c63-8df5-2e9b0703cc0a,1099357.202984805,1099357.5127689028,1099359.7539266709,4422,200,0.3097840978298336,2.2411577680613846
6815afde-3712-4ea0-939a-2bcfcee5dcfd,d15044b7-c396-404e-998e-93e71a743f28,1099357.202977008,1099357.45429123,1099359.863451783,3230,200,0.25131422211416066,2.4091605530120432
c26383eb-283a-4aaf-9fe7-7a9608821f27,f8ab9d2b-deca-482c-8981-3b28f5058d06,1099357.202962336,1099357.5099621308,1099359.9125301468,5006,200,0.30699979490600526,2.402568015968427
080d5ec4-edae-478c-b981-8c7a20be5e58,8e020282-5ecc-434f-b573-91c202e1468e,1099357.202973636,1099357.573128544,1099360.024592736,6287,200,0.3701549079269171,2.4514641920104623
884dedd8-228c-4fa7-b1e5-3df63c91798a,893d54fb-c8cf-4265-b0f0-731eb46f056f,1099357.202987196,1099357.5925119799,1099360.364013922,6126,200,0.38952478393912315,2.7715019420720637
a1558614-4725-4f50-8cf0-2fe0de009871,b654d5e6-e3eb-4dbc-aa01-60dee8fba52e,1099359.203255357,1099359.360248307,1099360.5722459871,3066,98,0.15699295001104474,1.2119976801332086
a4640824-7ece-45a9-be1a-861ecd0bb297,33dc18f9-e1dd-4050-ba46-e0d05a421864,1099360.202572655,1099360.48785168,1099360.817377021,3597,36,0.28527902509085834,0.32952534104697406
9c9fa5b4-9d8b-4ce9-8926-8f00965c9bd9,2e90c9d3-0cc0-431a-a190-712898af6e66,1099360.202554335,1099360.534684435,1099360.844940828,6451,21,0.3321301001124084,0.31025639292784035
4e3cfcd4-c1e9-4ec3-99be-a0e3d6f783c7,6b878a33-5f67-484e-9f15-8dc6a9ae6662,1099358.202786922,1099358.521141015,1099360.880038844,5204,200,0.31835409300401807,2.358897828962654
65e58560-7d0b-4d22-bf4b-05457c1947a4,d58f6a04-6c49-4da0-97a2-a89a8f9c9ac4,1099358.202789598,1099358.3542603778,1099360.930341774,2448,200,0.15147077990695834,2.5760813960805535
961ef2b0-4ccd-49d6-9400-218d77c4f232,69913c22-6b90-4a33-99f4-3af60ba7a908,1099358.202771853,1099358.434041643,1099360.990473355,2740,200,0.23126979009248316,2.5564317118842155
7a0e1114-76ce-4eb6-a411-8dcf23453507,0136334d-367a-412e-a713-3b46dd3fbb28,1099360.202570028,1099360.9232406148,1099361.0923117457,6209,19,0.7206705869175494,0.16907113092020154
447ff3e1-9572-4d1a-b98a-edb35ee0770f,649f563f-c280-4cb5-a6b1-81e9567055cb,1099358.202783173,1099358.782218836,1099361.228279722,6192,200,0.5794356630649418,2.446060885908082
2e9af305-927c-455c-8d6c-5385b4b2eeb2,d846d4b2-4867-4720-9892-d49f8c7696e6,1099359.203258748,1099359.6579839769,1099361.868558002,3851,200,0.45472522894851863,2.2105740250553936
97b95dc4-922d-40b0-a62f-512271519a08,0be4320b-01bc-4621-8810-cea97dbe5f9b,1099359.203260878,1099359.49293699,1099361.9743038642,6476,200,0.2896761118900031,2.4813668741844594
08cdd544-3c39-4edf-b20b-207f749f6f71,182e146a-f05f-4c8c-927f-b75bc2b1ea10,1099359.20324288,1099359.8464486,1099362.2548819312,6165,200,0.643205719999969,2.4084333311766386
3dcf96bb-9651-458e-953b-a5758620e672,a5fcfe4e-eb51-4ac0-b8bc-d87496e3d9cb,1099360.202579635,1099360.39254212,1099362.94347558,3394,200,0.18996248510666192,2.5509334600064903
32feeb87-2151-4ca5-b014-3a71fbcc699c,0e701727-8a9d-4ce8-87a9-9931a1476227,1099360.202577241,1099360.547169994,1099363.035981166,6219,200,0.3445927530992776,2.4888111718464643
a9e8bfb2-3e23-4685-9e77-67ed6749a189,f1c9a465-31b9-4ab6-ae78-59df434e4f7e,1099360.202575098,1099360.526757793,1099363.080476648,6398,200,0.324182695010677,2.5537188549060374
ac430503-7846-496a-96cd-cbe64d55e654,2eef5030-8e4f-48f7-87c0-c4672c479dbb,1099360.202566268,1099360.605458828,1099363.3060323128,6545,200,0.40289255999960005,2.700573484878987
9a50861f-19d2-44b5-8dfc-b02f0db68f50,a7425cc4-79f2-4dae-8f42-818f7b68fee9,1099361.203596331,1099361.30687628,1099363.5247821182,1553,200,0.10327994916588068,2.2179058380424976
ebed2c1b-92ab-4cca-a058-b704bd5b8729,933f3928-c5bd-436c-b052-8afb0bd75fd0,1099361.203601646,1099361.5306597678,1099363.6251035458,3976,200,0.32705812179483473,2.09444377804175
cb837394-8cd7-44ee-a78d-3d983db222d6,9751aa65-dcbb-464d-885d-1feaba1a4819,1099361.20361026,1099361.561984411,1099363.624173999,4140,200,0.35837415093556046,2.062189588090405
e1b4e516-806f-4873-965e-0591d50dd0c5,8094c720-081f-4a98-aca9-d83abaec4c87,1099363.202498958,1099363.359752857,1099363.839577436,2653,53,0.15725389891304076,0.47982457908801734
67dce051-7515-48bc-90c6-60b7442f919b,572c2839-ba50-43b8-b7b0-0bf23c8d57dd,1099361.203607818,1099361.4714480191,1099363.9376063792,5643,200,0.26784020103514194,2.466158360010013
ee8fc2b8-0a96-4aeb-9b6d-d7df898cc0ff,583cbfc9-7618-498d-864b-dd180e9fa774,1099361.203562318,1099361.627406455,1099364.057023731,6602,200,0.4238441369961947,2.4296172759495676
70d7d3a8-3f73-443c-bc0a-70eb292d10ef,19c30b89-49e6-4785-b4ec-da68e367d4ae,1099361.20360477,1099361.84959389,1099364.1895632928,6510,200,0.6459891200065613,2.339969402877614
118d20f3-7584-4c36-9d5c-33a51fb11fd4,5c6dbd73-124d-4f21-a64c-809c57a1c193,1099362.202782362,1099362.2550184042,1099364.3190082032,2219,200,0.05223604221828282,2.063989799004048
ca8d871c-74d9-444d-b823-8c87b31cf881,ef316ed9-5bcf-418d-a130-0e1176fefcac,1099362.202790269,1099362.523281618,1099364.483832582,6407,193,0.32049134909175336,1.9605509638786316
f58a2bc1-b97f-4b3c-a807-a4ce97ee5cae,3a35dd03-67e9-4f57-ba4c-6aae57545eb7,1099362.202770214,1099362.499587713,1099365.075560014,5081,200,0.29681749898009,2.575972300954163
4deb74f3-c61c-4e51-806b-7abd3e024e19,13990c43-6738-458d-b63c-4d87efe484c9,1099362.202787953,1099362.558332161,1099365.101136291,1786,200,0.3555442080833018,2.5428041298873723
a442bed1-43fa-4124-9b1e-7b13b362aa06,5555e6f1-41e9-474b-b230-5cfb010b675a,1099362.20278556,1099362.7581850388,1099365.2312171168,6416,200,0.5553994788788259,2.473032078007236
b3bca2d7-8283-465c-b0f8-8d4c2f193cf9,c2cbe9ac-84ba-4ba4-8d9c-43c03e1b96e7,1099363.202505005,1099363.496759587,1099365.242536885,5974,200,0.2942545819096267,1.7457772979978472
bdd7857d-c70b-46e4-8cd1-6600e2e1fc82,abc0c6cc-0bfe-4666-83e8-64b03ca4efa9,1099364.202579375,1099364.412024518,1099365.3812635439,3743,60,0.2094451431185007,0.9692390258423984
53d8ebf0-4dc5-4ce8-a8c9-5d0e6ef1ccaa,c05c0df3-80d9-442f-a144-81fd355df20d,1099363.202487776,1099363.4234220672,1099365.695512924,1393,200,0.2209342911373824,2.2720908569172025
0df411e8-c976-4f2b-a66d-38825e7e70f4,4d11091c-a61a-4b03-89e3-8a1fdfada163,1099363.202502601,1099363.515443035,1099365.7142667,6107,200,0.3129404338542372,2.1988236650358886
a403c679-808a-4768-815c-0fc5daaca014,d6c6ecce-7613-4cc5-89c7-46de6050a111,1099364.202597565,1099364.299993914,1099365.938584673,1339,200,0.09739634906873107,1.6385907588992268
81c6d03c-8fae-4e0a-88a7-181db66d7635,bc6ff648-959b-4c22-95c1-0b8a8b1d1654,1099363.202507424,1099363.555126746,1099366.080935014,6522,200,0.3526193220168352,2.5258082679938525
847629e7-ad87-4089-821d-780a141c6721,10a77566-30c0-4a98-b443-a2bb542d4dba,1099363.202509844,1099363.49817432,1099366.147397051,5832,200,0.2956644759979099,2.6492227311246097
d99c3ee5-8377-414f-8e10-479b454fed22,30910795-649d-4c33-afd7-634035edf721,1099364.20260077,1099364.3024742068,1099366.4500471528,668,200,0.09987343684770167,2.1475729460362345
954b462f-012d-4924-a109-98a6c6d194ca,2e537ed5-6b5a-485b-a5d3-f821b7a2b92f,1099364.202606281,1099364.518612131,1099366.448869029,6325,200,0.3160058499779552,1.9302568980492651
407a4891-7901-49bc-9a78-983c30a6a87f,281edbae-3719-41ae-9078-826304211e5b,1099364.202593239,1099364.349361116,1099366.468973046,2682,200,0.14676787704229355,2.1196119298692793
5e74c377-8f15-405f-b8b3-b44e697e559e,a66219a5-0bf0-499e-8da4-6217f9feef08,1099365.202904599,1099365.317466722,1099367.015660302,1842,147,0.11456212308257818,1.6981935799121857
24d343f2-41f4-45a0-8820-cf42a7eed17f,e89d00a2-aef6-4faf-a8f6-58052acdc0b2,1099364.202603442,1099364.6683788928,1099367.0668400668,6248,200,0.4657754509244114,2.398461173987016
7022469a-83ac-4409-862c-f70903d1ffe7,ddbac259-054d-4ca8-9d63-2dfc35e14fa1,1099365.202921494,1099365.4566785651,1099367.751813012,3081,200,0.2537570712156594,2.295134446816519
de6b8d17-245a-48a3-95a8-447d2417b929,6898d6f2-8e46-4f07-87d2-63452e09f5c6,1099367.202784891,1099367.549470381,1099367.969652999,6134,31,0.34668549010530114,0.4201826178468764
b17982c4-4493-4ff3-a564-ef39be2d53c2,13c8030e-be08-44bc-b1d5-1304416e7a6e,1099365.202917908,1099365.728655866,1099368.1248679252,5800,200,0.5257379580289125,2.39621205907315
cc7c3fdc-11aa-41d8-88f1-d8b1ce688736,3ed7f939-1a64-4314-86e0-5d9c4a84a947,1099365.202924428,1099365.9058026401,1099368.233658893,5931,200,0.7028782120905817,2.327856252901256
f9809d0c-49b8-4fe2-9345-b30932f0e6ef,d99bd3a4-aa98-4081-914d-d5fe46dea9f9,1099366.203532262,1099366.582856999,1099368.845630502,3138,200,0.37932473700493574,2.2627735030837357
6c0c06ad-f557-4661-b905-70693f5c9536,39e20f76-6db8-4d08-a978-9bb294a6df3b,1099366.203544907,1099366.7775688102,1099368.895954881,6303,200,0.5740239031147212,2.118386070942506
295e2d06-ae21-49ae-b5ff-c743e7322ad2,fce3ea11-79d5-4728-b7be-60d043fccec8,1099366.203498612,1099366.519540256,1099369.1261445938,580,200,0.3160416439641267,2.6066043379250914
a65103d1-574e-4465-8adf-e20633e2e472,3cacc107-dca1-4afb-b1b9-2f813f74eb3e,1099367.202787429,1099367.7041765111,1099369.4817130752,6132,174,0.5013890820555389,1.777536564040929
e83b31a2-1708-4397-ad5f-17e728c5073f,966e73e3-01e1-49dd-97cc-3b17b0344882,1099367.202794219,1099367.5120647717,1099369.672258878,6265,200,0.3092705528251827,2.1601941061671823
435bd0f9-737e-47a9-94cc-15f01d3d0c02,c8625007-cb15-40d2-8dcc-b41d03e3b3c0,1099366.203553674,1099366.883119083,1099369.677632482,6145,200,0.6795654089655727,2.7945133990142494
401d44e9-07af-4ecf-bde9-9ab120a278d7,8162980e-e365-418d-87c3-2d53058fb7f2,1099367.202789927,1099367.6018281078,1099369.6785452738,6134,200,0.39903818094171584,2.076717165997252
73523cde-5be5-4d01-8455-ea6c39b19215,01580029-b853-4a73-96e9-198754e7c6cf,1099368.202551439,1099368.756050197,1099369.726290658,6464,77,0.5534987580031157,0.9702404611743987
057a642e-a4d8-4e53-8f0b-4c025fd94a0f,c7558f93-f86c-4355-a7b9-c08b9ddff562,1099367.202769387,1099367.571153019,1099369.908484709,6330,200,0.3683836320415139,2.3373316898941994
cdb83393-fc4d-4e26-9ebe-16781da68dac,b5c4d38d-aba9-4af9-a091-5e7b12c9feb5,1099367.202781272,1099367.7637478139,1099370.0104247748,6412,200,0.5609665419906378,2.2466769609600306
25ef3e98-988c-4c92-97fc-311afe4b09be,e4a9abbe-0d10-482c-9e14-ba6fe5099a3e,1099367.202792066,1099367.469382654,1099370.020801548,4702,200,0.2665905880276114,2.551418893970549
9060e6f9-63fc-41d6-bd3d-43a32584b3f6,086d9db4-5996-4535-986e-525ff4b4a80d,1099368.202553664,1099368.353433151,1099370.196387902,3127,200,0.15087948692962527,1.8429547508712858
494b100c-e70a-4704-8421-7a0dfd265949,02fdc58c-4081-4c4f-b08f-be89fc1991ff,1099369.202874377,1099369.3441659648,1099370.2945862769,2916,86,0.14129158784635365,0.9504203121177852
940e087d-6827-4386-86fd-5519a6772f18,26c258a6-5b59-44bd-b849-a28547921f76,1099368.202558045,1099368.571411164,1099370.485363876,6281,200,0.36885311896912754,1.913952711969614
4b45ae62-4329-4b88-a702-396a933505f3,b7e54fcc-89cb-46b6-b51d-ee2877f9411d,1099368.202545442,1099368.361645993,1099370.587414348,2436,200,0.15910055115818977,2.225768354954198
e4a91cf3-e322-4e5f-bfc7-2740f8a9430b,ae0edac1-74b4-4a0d-94ad-1de5263ba7f9,1099368.20253458,1099368.5551360298,1099370.7171877169,5514,200,0.35260144993662834,2.162051687017083
7a669503-bae7-45b4-8cb4-53a788565358,654f0516-5ab0-4360-bc42-aa99c1182235,1099369.202877169,1099369.278174244,1099371.022842348,514,200,0.07529707509092987,1.744668103987351
64b3e1e8-d9a3-4b37-9c91-ac479c398131,9724fec6-5a27-419a-835f-02d1cdee68c6,1099368.20254883,1099368.752583689,1099371.0398810832,6061,200,0.5500348589848727,2.2872973941266537
6cad4f17-8691-4d79-868d-7b495dd9dcc6,2c717881-9558-48a1-a0f7-0e9143a28634,1099368.202556062,1099368.499594135,1099371.063611195,6314,200,0.29703807295300066,2.5640170599799603
61a60a71-40c6-488c-b20a-3c898c46df27,a1c001c3-216d-4bf4-817f-1db21b7766d1,1099370.203048901,1099370.6733000758,1099371.06364942,6253,24,0.4702511748764664,0.39034934411756694
1b88b671-e1a1-4eeb-bfb1-867e0bf1a00d,abea0846-5b48-41dc-b9bf-d5bea8fa1a2b,1099369.202884881,1099369.3360669422,1099371.1303760912,1887,200,0.13318206113763154,1.794309149030596
d524f694-9340-4264-9752-51ec987d10a2,d15044b7-c396-404e-998e-93e71a743f28,1099369.202879864,1099369.485632094,1099371.3440901062,3230,200,0.28275223006494343,1.8584580121096224
b97565d6-6fd7-4f4a-8054-8fcc0b921e07,dc01cdfe-5594-4022-adeb-04dcc93573b5,1099369.202882506,1099369.653267875,1099371.87867422,6379,200,0.4503853691276163,2.2254063449800014
15f26e29-b18b-4425-b359-cb8f15824765,e0272631-07dc-4f1b-b5ab-7f974c0e6139,1099369.202863063,1099369.4483097459,1099372.056877076,5213,200,0.24544668290764093,2.608567330054939
3d572728-002f-4624-af27-20efa40400ec,05283e14-88c3-46f3-9048-a7369eea5aaf,1099370.20304686,1099370.3026965498,1099372.8660192857,1051,200,0.09964968985877931,2.5633227359503508
b90830b2-290a-493c-ab6e-864abf6efe96,b3e720f7-e36e-44f7-88a0-629ca61bb9ea,1099370.203011609,1099370.320449808,1099372.897065849,1533,200,0.11743819899857044,2.576616041129455
335201df-bca9-415c-9558-588de503730d,4605532e-01fb-47f9-adba-e8a42434e6e4,1099370.203044241,1099370.363753247,1099372.9414254762,2163,200,0.1607090060133487,2.5776722291484475
c505c4f7-ce00-41c0-a0f5-fdf1f20eefbc,3cba0bbe-0d61-4be6-8be5-4585a5068a33,1099370.203041393,1099370.512604949,1099372.981230468,4378,200,0.3095635559875518,2.4686255189590156
7700e7bd-9280-43f4-bd77-44a25c387745,e2758233-3b9b-4d9c-ada4-f41e0412e585,1099372.205866901,1099372.3608620588,1099373.0061000919,3008,49,0.1549951578490436,0.6452380330301821
9d35badb-8966-419a-b723-d70db63c5f50,8c8370f6-4f55-4c2a-874b-2bfe7c831430,1099370.203037456,1099370.4681555838,1099373.166144233,1490,200,0.26511812792159617,2.69798864913173
6a589c26-4e14-4e3b-a0d4-922dc0809789,906139de-bfcf-4e94-9bec-98a4621dbed1,1099371.203109455,1099371.420477627,1099373.603598862,4666,200,0.2173681720159948,2.183121234877035
f5c728a5-3641-4570-b413-751ae6ae7ce0,94ba9780-3dd2-4cca-af8d-6f5168719d51,1099371.203113643,1099371.6051972772,1099373.680474156,6382,200,0.402083634166047,2.075276878895238
6d0049e0-0ce3-45aa-9942-0a80c8159441,54734589-ad56-4716-9ab8-119b99a199fd,1099371.20308692,1099371.3731118483,1099373.7121574162,3693,200,0.17002492817118764,2.3390455679036677
9629fb19-a742-474f-85a9-9d65f3920291,b43a54be-56bf-4383-90c8-2237a54a894d,1099372.205885489,1099372.4318858732,1099374.6878438622,4044,200,0.22600038419477642,2.2559579890221357
c9165fb8-a666-4db2-ae2c-bf21963c40dd,d81300c0-9e09-45d8-84f5-e342f80ca6d0,1099374.202593422,1099374.377215028,1099374.940560011,1627,54,0.1746216060128063,0.5633449829183519
cfedf124-0f8d-40ec-8871-72e2956e9370,0063e1c2-efc9-4319-b73c-26561d65a9f4,1099372.2058791,1099372.6240519749,1099374.9593919758,6439,200,0.4181728749535978,2.3353400009218603
20e68f46-d337-4fed-955b-bb04e01b1bbb,2aacea92-7898-4f60-9526-e7a073521d56,1099372.205887841,1099372.534803997,1099375.023459352,6448,200,0.32891615596599877,2.488655355060473
ba699a19-a26d-48e4-a4ae-461e0d194e92,182e146a-f05f-4c8c-927f-b75bc2b1ea10,1099372.205882541,1099372.71645954,1099375.140776695,6165,200,0.5105769990477711,2.42431715503335
95048883-3325-471d-b88d-1e169b63aef6,4e369fef-7293-491e-9edd-8fec038576e2,1099372.205890165,1099372.918607644,1099375.2789795331,4950,200,0.7127174790948629,2.3603718890808523
5df59a1f-6c04-4aed-ab91-3446576e168a,dabb4f7c-8ffd-4972-a01d-6eb7e70e8ff0,1099373.202670978,1099373.2422446809,1099375.4906607799,551,200,0.039573702961206436,2.2484160989988595
87b330c0-8143-4b57-bfde-9fbbc12767d7,9241e5d4-7685-47e9-8f12-d51806022933,1099373.202682961,1099373.492594487,1099375.597058754,5519,200,0.28991152602247894,2.1044642669148743
dc0727f1-3d4f-4428-8001-c68251181405,d7284dde-c357-4445-b8a8-ac336e3acc3e,1099373.202686468,1099373.515089757,1099375.630989807,5011,200,0.3124032891355455,2.1159000499174
32dc9aea-31f0-453f-9f08-3747a4ef22a7,47655980-12c4-4dd9-9ee0-ecc634eaf4db,1099375.203183665,1099375.321574209,1099375.737144098,1590,27,0.11839054408483207,0.41556988889351487
a0aedb07-7288-4052-909c-9d169acce053,a0b65a6d-aea0-4f9f-8b88-9eb0305f5ba2,1099375.203185508,1099375.289309681,1099375.830784457,915,50,0.08612417289987206,0.5414747761096805
2e06ffcb-b714-42e7-830e-075d09a75394,75c7239e-0ed3-47a8-a263-d57a21f51968,1099374.202587258,1099374.242139602,1099376.044656642,357,200,0.039552344009280205,1.8025170399341732
0cc8583f-ea05-4b8a-893d-b90416fcf683,978ce6e0-1014-477d-8750-5e8cca36ffd1,1099374.202574904,1099374.4898055252,1099376.2512765483,5953,200,0.28723062109202147,1.7614710230845958
8b2157cf-0c0b-4b17-bf3f-daceb3bf777a,10678ac7-e4b4-4f19-ab04-5d834f4a91ae,1099374.202590061,1099374.3386009817,1099376.5379608949,2690,200,0.13601092086173594,2.1993599131237715
d90e9377-460f-44b3-8328-029d1fa8c605,1907f3d5-7754-471f-a8be-1f44529fe912,1099375.203148026,1099375.2495526122,1099376.869655098,520,200,0.046404586173594,1.6201024858746678
635d271b-6020-47db-82d7-c728bfaa84c5,e5f863e9-3a7b-4d7a-bdd2-60bc8ad6448d,1099375.203181396,1099375.523502657,1099377.513807379,5945,200,0.3203212609514594,1.9903047219850123
117512be-b0f8-4352-bee1-29b8f45ea042,baf92ccf-5953-4cbe-bea1-e5e4ec4f48f1,1099375.203177247,1099375.5141585441,1099377.598564905,4040,200,0.31098129716701806,2.0844063609838486
c20e5201-d72e-4657-b8ce-56623320edbb,fe73b916-6b13-490f-9168-81aa5f3b4708,1099375.203170984,1099375.6179428021,1099377.630053129,6314,200,0.4147718180902302,2.0121103269048035
e4ceaa01-1bc1-49e8-8442-beb1a1f4600a,12aae71a-3e0d-4bf5-90fb-76d1a7c353ae,1099375.203174913,1099375.674433498,1099377.696214397,5771,200,0.47125858487561345,2.0217808990273625
7da92c0c-9b95-4df1-953e-c92eef1e3710,dd8abcd2-6f78-4e3c-b821-2725f6f61b99,1099376.203125891,1099376.305992711,1099378.053548489,2277,200,0.1028668200597167,1.7475557778961957
88c5f0fe-7a71-4df6-8449-dfcb9bed2129,e62bfd31-0eb8-4b75-9da9-5217ee3c5b91,1099376.203108295,1099376.3982773651,1099378.2240082312,4119,200,0.19516907003708184,1.825730866054073
9c4d2eb1-fb36-4fc0-9c84-f86025a00ef2,67758644-12b8-4d98-b640-a9e8ac069351,1099377.203666383,1099377.279137342,1099379.1618771649,753,200,0.07547095906920731,1.882739822845906
9fdd6489-5a47-42d9-b14b-e30cda6ee67d,384c381c-9e43-46bc-ae6e-f423ed8194ee,1099377.203669756,1099377.488863332,1099379.4198154549,5900,200,0.2851935760118067,1.930952122900635
bef36d74-8062-4622-b152-b2e883695979,b08a97a6-f8e0-4014-92ec-ad1af8ba590e,1099377.203647884,1099377.576841312,1099380.0455269702,6461,200,0.3731934279203415,2.468685658182949
83cd3ea7-2e4c-4448-8b67-1477f4a8bd82,15fbccdc-7622-4cd8-b468-066ca318efea,1099377.203661938,1099377.659835019,1099380.0821911509,6362,200,0.4561730809509754,2.422356131952256
1be951fe-b07b-4883-96ed-afa53296c98c,b87d1b47-75a0-4129-8580-a96e0868928f,1099377.203672716,1099377.971623696,1099380.3151701628,6368,200,0.7679509799927473,2.3435464669018984
bcd944d7-5c28-445c-a053-3009ba03cbd4,2c6e08f1-87b6-450e-a518-3a26ca1469a8,1099378.203374659,1099378.427648474,1099380.346321274,5074,200,0.2242738150525838,1.918672800064087
a1ca077f-1b82-41be-9b87-8ffb0759e72d,e5f01142-a764-4c98-99a0-2f3f3a2ca72e,1099378.203395739,1099378.407099874,1099380.4635797779,3255,200,0.20370413502678275,2.056479903869331
3ffb4cc0-6583-4fd0-9d0d-fec57c47016c,12ed77b0-f0e1-4d6e-912d-ddc62a0ba391,1099378.203391881,1099378.600293303,1099380.485563471,6513,200,0.39690142194740474,1.8852701680734754
6ede4efd-a858-4b02-b995-9ea8daad162a,147b36a6-ee7b-41e9-9e55-9d0a8335e8b4,1099378.203398417,1099378.518243001,1099380.52475508,4946,200,0.3148445840924978,2.006512078922242
8fe146c9-9d80-43f5-8bad-478d126cb96c,0957c38b-3863-4426-b4cd-c9bd4939ca85,1099378.20338813,1099378.5885707329,1099380.550550877,4098,200,0.3851826027967036,1.9619801440276206
fb7838e8-edbc-4120-aaa8-2fe9aeac3fd4,89cf2e96-a828-4fa8-862d-c0d888d66892,1099379.203261208,1099379.367348297,1099381.293786548,3885,200,0.16408708901144564,1.9264382510446012
35eec885-9dbb-473a-a90a-91c4304b1d82,f3c7b4af-4cc8-4b3c-8d1a-85880e5521c2,1099379.203257447,1099379.357917835,1099381.2964291382,2495,200,0.15466038789600134,1.9385113031603396
34ce7448-7b51-4fa5-8784-9a9d9dec81a2,41023a8b-aed5-4fd8-859a-6c48e8160fdf,1099379.203243249,1099379.355299842,1099381.610120465,3132,200,0.15205659298226237,2.2548206229694188
f1d1ddca-8c63-4245-8c37-fd3edebd2998,eb8d5825-451b-48b5-839c-bd3f2e385b6a,1099381.202610758,1099381.5181627618,1099381.6636088768,5761,18,0.31555200391449034,0.1454461149405688
7c469b73-d46b-4e4b-a5b8-3ccaa7c66ce7,3bbe86ed-d7cf-4231-9539-29db62dc29f1,1099380.203093868,1099380.303218532,1099382.402009747,1369,200,0.10012466390617192,2.0987912151031196
99a77493-cf61-4d36-97fd-0c5a2e7f7532,016dd4b2-29b2-4b1e-8e7a-9002ec0e19e8,1099380.203105644,1099380.364379934,1099382.472865208,2475,200,0.16127428994514048,2.108485274016857
2bdd27f6-3809-44c2-86a6-858adf30eb8e,9be2a601-19ad-4a64-8a31-74d14d459e36,1099381.202606084,1099381.485833965,1099383.4459707171,6116,184,0.28322788095101714,1.9601367521099746
e33577a5-4686-4484-8d53-0d05f9e41a41,bdd764a1-f13b-4ef5-be66-457691858534,1099381.202591311,1099381.4898403299,1099383.559010655,3127,200,0.2872490189038217,2.069170325063169
7b8c1b01-f2b0-44b8-a9b2-2cb84aac2c43,4895017a-ac7e-4f78-a8c4-c0efe3579875,1099381.202614461,1099381.989371822,1099383.8114279232,6257,200,0.7867573609109968,1.8220561011694372
33615cd7-2aca-472a-b842-dadb4946e8c1,33f44b99-407d-4305-a98b-04595086eddc,1099382.20289964,1099382.2892625858,1099384.0562097367,1623,200,0.08636294584721327,1.7669471509288996
1fc5b736-b3e6-4479-908a-caf92dc78a64,96015687-9e81-4734-9276-a7f8c50e7724,1099382.202895032,1099382.3563094041,1099384.16671204,2823,200,0.15341437212191522,1.8104026359505951
0eaa3098-14c1-45e0-8942-5df444ab67bf,64067c58-b338-48a4-85e4-99a236b0af21,1099382.202879968,1099382.302851574,1099384.168211324,1871,178,0.09997160593047738,1.8653597498778254
6a4a2a90-9612-4186-9737-9ee0be8fcafb,c49def02-d591-4de2-b5b8-5d6d36f9f1a4,1099382.20290313,1099382.4395750891,1099384.3906000461,3535,200,0.23667195904999971,1.9510249570012093
d9109d77-e7b2-41c0-bbbc-d345b1c6c9bc,62f03492-233a-4c73-8583-919a97f51a7b,1099383.203065335,1099383.3428432352,1099385.128132943,3047,200,0.139777900185436,1.7852897078264505
4850f54a-bd28-483b-8cca-9f3b60588981,145e5f0d-7ea8-47b9-b4c3-c7f6cf51725e,1099385.202964227,1099385.44791387,1099386.5060499418,3524,67,0.24494964303448796,1.0581360717769712
5126b172-c461-4cf9-a02b-e50c91873b3a,5f19ba86-19af-4239-a7f9-b0bdc619d45b,1099384.203297555,1099384.444753276,1099386.580076453,1824,200,0.24145572097040713,2.1353231770917773
127a149c-3088-44d1-a527-78615988c408,5ed4452c-5532-4892-9185-a08650850ceb,1099384.203268464,1099384.511935321,1099386.7887720969,6286,200,0.30866685695946217,2.2768367759417742
72907801-a9f4-415c-9051-796fd6558526,0ea7eebf-4e91-49b7-886d-7fde689bef99,1099384.203290265,1099384.4666639972,1099386.8483872742,4085,200,0.2633737321011722,2.3817232770379633
904ab3fc-3bd0-494a-b3c9-c47ef0707910,451863a8-c37a-4460-987d-185a07fcf9bd,1099384.203285238,1099384.5314391619,1099387.034493771,6511,200,0.3281539238523692,2.503054609056562
43352b15-3b03-4346-8210-c381ad4393ab,5f121c84-8232-44fe-909c-9a69fa9fdc9b,1099385.202970507,1099385.408811135,1099387.246825688,3406,200,0.20584062789566815,1.8380145530682057
fcd8373f-02bd-4968-8e8b-ca0fe08d5663,5dd975b0-30ab-46b6-96e0-39b315e33c7d,1099384.203293863,1099384.643954504,1099387.361149057,5786,200,0.44066064106300473,2.71719455299899
c0e6aef1-8805-4252-8121-6aa646e9892b,f770f11c-09f2-44dd-90f9-95c49f8ca462,1099385.20295582,1099385.600274783,1099387.531006011,6009,200,0.39731896319426596,1.9307312278542668
96b6a8f5-e540-4661-b503-a79734a1b228,05c9a37c-7cb7-46e2-9554-dc0d1ad6af70,1099385.202940418,1099385.6846190079,1099387.601699712,6473,133,0.48167858994565904,1.9170807041227818
a6ab622e-727a-4e59-8161-e4b1abe55072,92822c32-6058-49fd-aa9c-0152bb38bb78,1099385.20296752,1099385.545512896,1099387.7417982551,5711,200,0.3425453759264201,2.196285359095782
0d4a0cb4-bb71-4b10-b373-20c232536665,9079960d-2c5e-4892-b03f-4c965fd9712e,1099387.203490608,1099387.6189184939,1099388.1090079509,2685,60,0.41542788594961166,0.49008945701643825
e605382e-ce39-4cc7-b019-a9c8c9d5e3a2,7566167e-bf47-4f1f-b7d0-e3cef448181a,1099385.202960508,1099385.529579654,1099388.349823967,3056,200,0.32661914615891874,2.820244312984869
7d2b0a03-dfeb-48db-9d8d-023088afb90d,3fad36b5-6bb3-4dd2-b7e5-7ce7e5787a0f,1099388.202827933,1099388.38826286,1099388.809082243,2691,36,0.18543492699973285,0.4208193828817457
273e3a4d-a446-4269-ae76-3e2d17a9dfe0,9751aa65-dcbb-464d-885d-1feaba1a4819,1099386.203047677,1099386.440313154,1099388.873445152,4140,200,0.23726547695696354,2.43313199817203
1fd23b64-4549-4e52-a5d3-dc3d0bd919b2,458e899c-964f-4008-90b4-694cb94dfddf,1099386.203051284,1099386.4653238761,1099388.923836701,5480,200,0.26227259216830134,2.458512824960053
ea222775-6c00-4c69-93ba-621853ec3408,e3d672e2-2e07-4ece-aade-a3f54819ba31,1099386.203058026,1099386.647955784,1099389.068143425,6187,200,0.44489775807596743,2.4201876409351826
c148de59-fd8f-4b93-9f59-0b3b9dac9347,d846d4b2-4867-4720-9892-d49f8c7696e6,1099387.203484051,1099387.498523126,1099389.192300458,4040,200,0.29503907496109605,1.6937773320823908
381bd44b-9a33-4258-92ec-2ac779761f61,bc1de8c2-a6ae-4eed-92df-8609cafce1c4,1099387.203480649,1099387.5379944302,1099389.2230643681,2964,200,0.3345137811265886,1.6850699379574507
5367de4b-aaf1-4253-85d6-a01a2cbf07c3,4a8c5b6b-e155-42ad-badf-17b8d48d8aa9,1099386.203054327,1099386.591389785,1099389.231995925,4771,200,0.3883354580029845,2.640606140019372
1526dcba-e47a-4e96-96c3-3e5b966b1d02,fe06d773-cd9a-42bf-b1d7-614c1c625f07,1099386.203003988,1099386.682964555,1099389.518599327,6445,200,0.4799605670850724,2.8356347719673067
16da5d4f-6320-4a83-8daf-42c612c9ba1a,af6c4ac0-42de-4e80-9ef0-b8c44f7ca710,1099387.203487677,1099387.453889681,1099389.667872732,3109,200,0.2504020039923489,2.2139830510132015
05d72092-0e04-468c-a1c4-601fddb048d2,3b187a2d-275c-495a-833c-75272901b9ca,1099388.202838727,1099388.3295154031,1099389.811720358,2310,143,0.12667667609639466,1.4822049548383802
c865e39e-bb2a-4b27-a6ee-6b01ae039c10,ca330d28-a7ef-4a25-a6cc-51578e715514,1099387.203477373,1099387.599450991,1099389.83734439,6003,200,0.39597361790947616,2.237893399083987
0ccd86e7-53ca-4745-9baf-ed54659da830,86d09864-dcbe-4969-a05a-452e67900a33,1099387.203460029,1099387.34859312,1099390.071494642,1069,200,0.14513309090398252,2.7229015219490975
61faaffd-0024-415c-85a4-2e0db35f1f49,b9128bf0-2636-4290-afce-cc0c01a9a3d0,1099387.203473056,1099387.652220779,1099390.1842217261,5847,200,0.44874772313050926,2.5320009470451623
15212abe-dfe3-4b5a-811a-f018ea3e0d0f,10a77566-30c0-4a98-b443-a2bb542d4dba,1099387.203494346,1099387.7758605808,1099390.19100329,5887,196,0.5723662348464131,2.4151427091564983
6a2f539e-a3d5-48f4-a587-b5419ca978f2,d0cc8fed-2a8e-48e8-91db-ebb573e1adc3,1099387.203501514,1099387.851680566,1099390.329105365,3035,200,0.6481790521647781,2.4774247989989817
f86b006c-4a04-43a7-89a7-b237b4393912,c30e276d-8033-4f76-b020-246b61ba8266,1099388.202844772,1099388.3101172792,1099390.4010101352,1425,200,0.10727250715717673,2.0908928560093045
43ff26e4-5176-411b-954c-f1dd360971af,1b9f3c6e-4241-411f-9c01-bd9aebebcbcb,1099388.202847407,1099388.50156295,1099390.509647274,6273,200,0.2987155430018902,2.0080843239557
5f385023-26b9-4311-92a9-4958999a0874,3b426e11-6474-4ca6-8e48-9e80b18cd736,1099387.203497901,1099387.758138298,1099390.587269209,6296,200,0.554640396963805,2.829130911035463
00a8fbc1-9b26-4ea5-9b1e-5922a0c14663,54734589-ad56-4716-9ab8-119b99a199fd,1099388.202841948,1099388.5775942781,1099391.103015002,3845,200,0.3747523301281035,2.5254207239486277
9b597548-bfdc-47ec-b84f-9511bd427667,6a0f8598-e547-4e24-8413-65bc893e194c,1099389.203251468,1099389.482184951,1099391.61260782,1766,200,0.2789334829431027,2.1304228689987212
8e617cc0-8f16-48c0-af7d-232543c9fc63,f59505d6-2c8a-4269-b06b-4a09a34c57e0,1099389.203253663,1099389.524140569,1099391.675771986,5835,200,0.3208869060035795,2.151631416985765
c399fcc4-4607-4a95-a10b-22ef8c83cfb9,c7344d02-17ce-4505-8d92-ada61240d9c1,1099389.203234465,1099389.5156095691,1099391.703249451,3471,200,0.3123751040548086,2.1876398818567395
f71532c2-4edc-44e6-aef5-0d3c2a773e26,e4a9abbe-0d10-482c-9e14-ba6fe5099a3e,1099389.203249476,1099389.6618875798,1099391.822773255,4868,200,0.45863810391165316,2.1608856751117855
53a9d34d-7c8f-469b-9199-c0756ced0247,a2aca4a9-9726-4bfb-b5e8-9e7eb3967010,1099389.203246007,1099389.5107312358,1099391.9330888619,4943,181,0.307485228870064,2.4223576260264963
2c4462d4-9874-41fc-9b11-249566a4ca44,eb8d5825-451b-48b5-839c-bd3f2e385b6a,1099391.202752869,1099391.8027384062,1099392.1820228621,5967,29,0.5999855371192098,0.37928445590659976
ca27a025-d2be-42b4-a6b4-902fdd69a5b2,0720d418-cea1-444a-ae1e-13838ad0a323,1099390.202680173,1099390.295883323,1099392.230168384,1401,200,0.09320314996875823,1.93428506096825
39d8c580-84c9-4b7c-b430-2d32b01ca115,f8ab9d2b-deca-482c-8981-3b28f5058d06,1099390.202664903,1099390.488616228,1099392.828940715,4813,157,0.2859513252042234,2.3403244868386537
38b60264-4d0f-46a9-a640-ea09ad802400,ac793620-cf14-4d0b-85c9-285d6602176f,1099392.202545155,1099392.627802054,1099393.13710756,5844,27,0.4252568988595158,0.5093055060133338
c9cbd44e-7f9e-47ae-b2d7-456591a7ab67,dee43dda-f0ea-4d75-8fb7-a39f7201079f,1099391.202767474,1099391.803335751,1099393.195479058,6300,151,0.6005682768300176,1.3921433070208877
56957efb-2ce4-43b0-9575-c277ba99b9c8,b654d5e6-e3eb-4dbc-aa01-60dee8fba52e,1099391.202772542,1099391.3271025917,1099393.3181158397,3129,180,0.12433004984632134,1.9910132479853928
a88dd92a-c0c9-400f-87d2-44494e9ce154,f3b6de5c-404c-4234-843a-c5a9646cfa64,1099392.202555046,1099392.458963669,1099393.367602115,5242,72,0.25640862295404077,0.9086384461261332
de73e923-eb83-44e1-99f6-311502212975,1b5b7ec9-af75-4404-bc92-07d960135fb0,1099390.202676807,1099390.808390104,1099393.4837227222,6349,200,0.6057132969144732,2.6753326181787997
00296a1f-8800-4026-ac64-62dd9ccaae28,c3ce244b-c729-4d19-9eca-771462a7d8ff,1099391.202763878,1099391.391990421,1099393.5119342082,3744,200,0.1892265430651605,2.1199437871109694
8f58b628-4faf-4029-aedc-2546744d2aee,08fb65a4-a7ff-4ed3-8715-ab206f240a59,1099393.203368262,1099393.272127017,1099393.556602832,474,31,0.06875875499099493,0.2844758150167763
14fbe2a6-957c-41ff-a66a-f689565ed783,7723dc1d-0386-43ac-af6d-ef2def14688b,1099391.202769984,1099391.62551785,1099394.017462386,4842,200,0.42274786601774395,2.3919445360079408
c4732db8-4a0a-43ab-8171-db237c776cb0,67758644-12b8-4d98-b640-a9e8ac069351,1099392.202557767,1099392.295356198,1099394.119065716,753,200,0.09279843093827367,1.823709517950192
6b4accd3-f8e6-4de9-baff-f71da0b50aeb,d24c0cc3-a163-4cd4-9cf2-de41d5c96f4a,1099392.202560737,1099392.403243872,1099394.665224202,2787,200,0.200683135073632,2.2619803298730403
a2d5b4a6-3653-4a22-b92d-cab90768859c,650b104b-2cbd-4304-ab8c-0935cf2bbab7,1099392.202563404,1099392.5597138451,1099394.6676399473,4581,200,0.3571504410356283,2.107926102122292
0d8d7abc-2201-4a28-bd03-461c5cc064d4,204273a2-855e-4d3f-a888-b616d96af04b,1099393.203374994,1099393.300021927,1099394.985550544,1664,200,0.09664693311788142,1.685528616886586
b2e701fb-8c42-46a6-a208-e14027716d25,07f0c3ff-5938-4755-a9a6-43ea470fbb04,1099393.2033534,1099393.342377606,1099395.0978031661,2336,200,0.13902420597150922,1.7554255600553006
717534b5-f796-41d2-920d-582caf6a7f09,01580029-b853-4a73-96e9-198754e7c6cf,1099394.203352312,1099394.676767049,1099395.139917736,6318,48,0.47341473679989576,0.46315068705007434
834ed5bb-fd00-4ceb-abe5-8ffa6ebdabcf,edf00561-d5fd-43db-891d-a57747fab3fc,1099392.202549219,1099392.677193753,1099395.2294670078,6100,200,0.47464453405700624,2.552273254841566
16d0db1d-c847-47a1-a5a8-a361e63bb0dd,06607138-d3ac-4004-9ca9-b33c81f1f6b9,1099393.20336454,1099393.2456744597,1099395.2416773988,457,200,0.04230991983786225,1.9960029390640557
6216bf2c-862c-4a2b-8e07-2d53d5fe6c71,37a01d59-0e82-4874-a0c6-e70aa5765dda,1099392.202531858,1099392.560650957,1099395.2804796202,6318,200,0.35811909893527627,2.7198286631610245
e7bb41d1-c887-4662-bfba-bbce4ebe9219,2eef5030-8e4f-48f7-87c0-c4672c479dbb,1099392.202552226,1099392.718839856,1099395.371736834,6481,200,0.5162876301910728,2.6528969779610634
a350fe15-c259-47a5-b41a-33addeb692dd,2c282873-ea96-4454-955b-1036d45d8e73,1099393.203372821,1099393.3114868249,1099395.541910896,2206,200,0.10811400390230119,2.2304240711964667
51ec1875-7526-4a78-a1d7-c8a6834f5c2f,166a2dc5-002f-4a10-b639-bb2203757854,1099395.203424652,1099395.3642897941,1099395.9258143902,1125,57,0.16086514201015234,0.5615245960652828
77c354c7-5927-4a3f-b4ed-20f18a8cde1d,b47106cb-dd37-4a20-bc93-0ce5135521ea,1099393.203370566,1099393.50457068,1099395.956924718,2237,200,0.3012001139577478,2.4523540381342173
6b1df3bd-0423-45ee-95b9-87adf4839c25,e3c66027-811f-4e2c-9aaa-1b79cc452240,1099394.203355187,1099394.275363092,1099396.7604037842,966,200,0.07200790499337018,2.4850406921468675
b8c75ad4-9d0e-4acf-b884-4de0c47cd60d,5af26803-465f-4efa-ae1e-28fcc54ee796,1099394.203336684,1099394.29412286,1099396.8548724332,725,200,0.09078617603518069,2.5607495731674135
1699fcf2-05da-47eb-987e-d459741f0f0e,bfc76f09-b01c-4274-839d-03bd7e06f88a,1099394.203357648,1099394.6632925512,1099396.9115443663,6297,200,0.45993490307591856,2.248251815093681
dac52c70-6b2a-47d6-b63e-2d0cdedf45b1,ea672ecc-82bf-4d92-96e4-b9c2c87a2418,1099394.203348802,1099394.520104255,1099397.125221627,6152,200,0.31675545312464237,2.6051173720043153
847bf4ec-19cc-4722-bdb3-10ca808f6a86,3a2ad835-f604-4d73-8e3d-7ad4422a62af,1099395.203418246,1099395.347381925,1099397.228571536,1730,200,0.1439636789727956,1.8811896110419184
d58e9589-cc4b-411e-b5e7-934478bce4a6,19c30b89-49e6-4785-b4ec-da68e367d4ae,1099395.20342179,1099395.6297023639,1099397.5262340049,6510,200,0.4262805739417672,1.8965316410176456
cad32024-0fd7-4cbc-9a22-81ddde5f7dc5,967aed41-fbe7-4e66-a54e-1b932c3f1357,1099395.203405999,1099395.7405853032,1099398.1358054532,6097,200,0.5371793040540069,2.395220150006935
099ebbe9-6dc5-4ed9-83bb-2d3072b763ca,25393e40-5018-4c88-bbfc-16af8222a20f,1099395.203427012,1099395.73266304,1099398.191835485,6451,200,0.5292360279709101,2.459172444883734
d558214d-9448-454c-a562-eed30ab8a369,a20dd19b-9f15-4306-a9fc-6bb31bfbc2d1,1099395.203429275,1099396.0564401671,1099398.328313777,6367,200,0.8530108921695501,2.271873609861359
072fe036-7725-42bd-89ef-3ef4c2ca60be,a0b65a6d-aea0-4f9f-8b88-9eb0305f5ba2,1099397.202791702,1099397.668468169,1099398.685920367,996,65,0.4656764669343829,1.0174521980807185
536bea9b-6aa9-42ce-a2a0-324b936e826e,c174f84e-239e-4505-9877-710ea1e1aa00,1099396.202876329,1099396.5513397579,1099399.083363779,5644,200,0.34846342890523374,2.5320240210276097
0813e9bd-2a98-4a27-bc77-08993ea419f6,7567f27f-edd6-4f18-89a4-b271b111ba68,1099397.202782183,1099397.606407684,1099400.131741913,5220,200,0.4036255010869354,2.525334228994325
431b2f79-7000-4311-b88e-aab56b1cbd72,dd64c5dd-37ef-465d-8a1c-328942be3ddd,1099397.202763335,1099397.670519782,1099400.15408913,6286,200,0.46775644691661,2.4835693479981273
4929eb58-18fe-4793-9d20-1611eaea57d2,cb361646-3167-4aa2-89ea-dddda78b2cfd,1099397.202787538,1099397.892459331,1099400.295946916,6208,200,0.6896717930212617,2.4034875850193202
dbadecb3-5d1b-4ac0-8688-e42153c10b48,cf3db011-98a5-4583-9d91-eb16b37b5740,1099398.202718692,1099398.3221185207,1099400.4263006537,1705,200,0.11939982883632183,2.104182132985443
87d6b457-7d01-4907-a74e-85ba67757aae,384c381c-9e43-46bc-ae6e-f423ed8194ee,1099398.202689974,1099398.566740174,1099400.737338626,5900,200,0.3640501999761909,2.1705984519794583
65f02697-7e76-4276-b1a6-31550e456197,8430f359-c0da-41c2-8c0a-99afadae6c25,1099398.202706878,1099398.6212882162,1099400.766701057,6226,200,0.41858133813366294,2.1454128408804536
b578e163-539f-47c1-a7f3-a8f166d9f40c,1d9d59fe-b742-4ff7-a68f-88fb2eef9ca9,1099398.202716364,1099398.549524045,1099400.837660806,6074,200,0.34680768102407455,2.28813676093705
a2f75824-b044-4128-b69f-2c57faef74f8,99cf908c-ea9c-4c6d-abb5-12c7195290fb,1099398.202713673,1099398.962258215,1099400.972115623,6410,200,0.7595445420593023,2.0098574080038816
f310a67f-fb8e-4aab-885e-a19142cab144,c95f6829-a53c-4f99-b06f-5fe22ab86fe9,1099398.202710755,1099398.655490586,1099401.067939777,4026,200,0.4527798311319202,2.4124491908587515
5df12727-cfde-48a5-9564-fba6d440779c,d99bd3a4-aa98-4081-914d-d5fe46dea9f9,1099399.203431992,1099399.352344254,1099401.407134239,3281,200,0.14891226193867624,2.054789985064417
80c62eab-b2cb-4847-ae40-5f96aa47ebf7,e89d00a2-aef6-4faf-a8f6-58052acdc0b2,1099399.203420764,1099399.474293721,1099401.545090092,6116,200,0.2708729568403214,2.0707963712047786
c2562574-b382-4fde-8071-132e9867bfd3,39e20f76-6db8-4d08-a978-9bb294a6df3b,1099400.203238513,1099400.649300985,1099402.4944504302,6261,200,0.4460624719504267,1.8451494451146573
cfcb2ec0-abc8-4ec4-936c-7323cfc7cee3,f483dee7-275c-4181-9276-2967d4d6cbdd,1099401.202567673,1099401.2998454242,1099403.0188207962,2163,200,0.09727775119245052,1.7189753719139844
8f1cd217-2619-4abd-a68e-a5a787df0c17,4895017a-ac7e-4f78-a8c4-c0efe3579875,1099401.202556101,1099401.253856907,1099403.201472513,6257,200,0.05130080599337816,1.9476156060118228
4fd6f22f-a3fb-4c27-9f1c-e2584336a1a4,54734589-ad56-4716-9ab8-119b99a199fd,1099401.202571526,1099401.389932814,1099403.383921734,3825,200,0.18736128811724484,1.9939889200031757
76786e7a-f809-4d1b-8164-662491afb273,b4c5b5ea-ee65-4239-bc1f-6b1f8a4f5a2a,1099402.202741468,1099402.2803344391,1099403.6225683503,1189,141,0.07759297103621066,1.3422339111566544
75d246ea-ced3-454f-bcc1-42ad5d0cb4f2,78cd1186-1eef-46ee-8b61-c9af4f4d299a,1099402.202765048,1099402.316305887,1099404.0808114999,2076,200,0.11354083893820643,1.7645056128967553
89a367e3-3d61-4322-bd0c-6709387851d0,2b648323-c36f-4d40-a568-1b308a23e4fb,1099402.202757319,1099402.2765691208,1099404.095102585,830,200,0.0738118018489331,1.8185334641020745
56e4bd7d-72f8-4ed4-8842-089f8d4706fe,b41b2727-9d24-424d-bb37-13c4628f0722,1099402.202767389,1099402.294238102,1099404.098868256,535,200,0.09147071302868426,1.8046301540452987
8c212403-2648-4cbb-aed0-cc08256ab3f6,7d271e94-b87b-4bd4-a92c-c4216fa6b6ed,1099402.202762532,1099402.341324106,1099404.1240712102,2655,200,0.13856157404370606,1.7827471040654927
d862449b-6df0-49a6-bc29-7f4513f7de1a,f3c7b4af-4cc8-4b3c-8d1a-85880e5521c2,1099402.202753828,1099402.379218901,1099404.1520469459,2662,200,0.17646507313475013,1.772828044835478
098c8312-0ffa-4702-8092-a2f134a99f90,dc01cdfe-5594-4022-adeb-04dcc93573b5,1099402.202759888,1099402.498587316,1099404.778473554,6379,200,0.29582742787897587,2.279886238044128
dc31d56c-e4ec-4533-8946-3c8f4c6050ff,a7758bec-806e-4d96-b9cc-e29230be64b1,1099403.202824853,1099403.289158721,1099405.237141652,733,200,0.08633386809378862,1.9479829310439527
33d07ba1-5740-4b1c-a7b3-d465181fa9f7,8094c720-081f-4a98-aca9-d83abaec4c87,1099403.202814523,1099403.360011332,1099405.289017687,2844,200,0.15719680907204747,1.9290063551161438
72cd8506-f075-46f8-abe3-677ab565f35a,2e90c9d3-0cc0-431a-a190-712898af6e66,1099404.202834314,1099404.653054309,1099405.301004796,6456,57,0.4502199951093644,0.647950486978516
fec64077-40ba-4bb3-bcac-e819ad426820,77d7eb80-2931-44e9-917a-939b4706e637,1099405.202969736,1099405.575269218,1099406.104683306,6081,42,0.37229948211461306,0.5294140879996121
b42bfb2f-3b68-43c5-9466-e29d1055b4c5,45eb3780-6fbc-4e95-b095-04211b3f96a5,1099404.20290053,1099404.321448557,1099406.271133719,1311,200,0.11854802700690925,1.9496851619333029
b0aee397-f71d-4963-8026-f55e45d0e01a,ffd0b423-c554-4d30-981b-d5ee5c345c99,1099404.202891256,1099404.497316599,1099406.948077943,5311,200,0.29442534293048084,2.4507613440509886
c65d59ef-e84f-48d4-aeeb-6e7c8ed5ec92,bc1de8c2-a6ae-4eed-92df-8609cafce1c4,1099406.202968122,1099406.379580571,1099408.045735349,3138,200,0.17661244911141694,1.6661547778639942
bf08995c-6f7e-4649-985a-a4b8baee3a00,81f274fb-2e6f-430c-bca5-cbd3ec69d401,1099406.202948078,1099406.529537487,1099408.093267661,6425,161,0.32658940902911127,1.563730173977092
3afa3d8f-d89d-412a-adff-d38a4d36e060,9f7b1605-012c-47de-9622-02198dfdb495,1099406.20295788,1099406.295037108,1099408.166900273,1076,200,0.09207922802306712,1.8718631649389863
05ad40aa-5323-450f-a3ec-018fdabb9f6e,d3e175b8-a2ca-4f5e-a407-376162e76950,1099406.202981485,1099406.3118914051,1099408.372071197,703,200,0.10890992009080946,2.060179791878909
408bb995-8cda-49a4-9249-e6c1a91e75df,2a1bf603-2bcc-4001-9fbd-8c61855c48e1,1099406.202978232,1099406.73348934,1099408.5925703289,6882,200,0.5305111079942435,1.8590809889137745
09b24fa7-d6af-4557-a5bc-d56d31078d0e,5b7afdee-bc23-4cea-8c95-ee1786504a83,1099406.202961482,1099406.589570641,1099408.62820045,5098,200,0.38660915894433856,2.0386298089288175
d17a9efa-d108-40dd-938e-277002bc5ec8,2cd9f398-23c1-4f32-aea2-8dac6a11d683,1099406.202923454,1099406.3153335922,1099408.6968732371,1765,200,0.11241013812832534,2.3815396449062973
0c2fc4cf-ed0b-4f58-b2d7-aa2bc7a16ffb,e4212cdd-4eb2-432c-8728-ac09b26569d4,1099406.202964835,1099406.5126458122,1099408.693158884,4222,200,0.30968097713775933,2.1805130718275905
287ed711-8e77-4107-aea3-171ea3425ec2,ecfeda96-aaed-4a21-964e-cb67a3f8658e,1099407.20335666,1099407.274099237,1099408.709145053,1163,154,0.07074257708154619,1.4350458160042763
f82b73e3-196c-4add-9401-1d7d1a3d874b,9241e5d4-7685-47e9-8f12-d51806022933,1099406.202953827,1099406.525669545,1099408.884278198,5519,200,0.3227157178334892,2.358608653070405
394a6a93-6b14-4811-bb6e-6d61fc9ee25c,d587b5b9-f240-4104-9f9b-61ec2c2d93f0,1099406.20297149,1099406.6447192342,1099408.9465675512,6153,200,0.441747744102031,2.3018483170308173
d9b90c11-f939-457d-8706-9e3616d92851,8d422f2a-231f-45fb-a52a-f07367e2f4cc,1099406.20297485,1099406.708615562,1099408.978029755,6163,200,0.5056407118681818,2.269414192996919
b6c7d799-841c-4488-ab96-b07d8fb6be0b,55a46424-dc8a-4408-bb90-47e7b7a6401f,1099407.203368176,1099407.5036704151,1099409.4682165622,6301,200,0.3003022391349077,1.9645461470354348
96c4ef78-1adc-490d-9970-ad1e9fa97ab0,4ae02155-c413-4c65-b178-63d7dab745da,1099407.203371379,1099407.34361787,1099409.721033932,2612,200,0.1402464909479022,2.3774160619359463
4b65f05d-5eb8-464a-ac63-16d14134eada,54d11fb0-e397-4273-8b83-8a5523a7ebef,1099408.203283251,1099408.4489343571,1099410.249392492,6022,200,0.24565110611729324,1.8004581348504871
98394343-62f5-4937-8454-f00bb0c93a3e,d58f6a04-6c49-4da0-97a2-a89a8f9c9ac4,1099409.203167219,1099409.329235275,1099410.946460616,2448,200,0.1260680560953915,1.6172253410331905
44b03788-7169-4362-8b09-e19294745aa7,a2f0e4f8-0472-4ab5-ae87-c77e28e82d50,1099408.203294576,1099408.6658848347,1099411.0625028529,5306,200,0.46259025880135596,2.396618018159643
cded6c5f-dc36-46d7-b03e-480e4800e1c8,2b4040c0-d435-4456-844a-e85b109df018,1099409.203164842,1099409.265624407,1099411.1051305998,771,200,0.06245956500060856,1.8395061928313226
eeccd267-97ce-411d-adaf-9df1161ae43b,3df895ed-3731-4a8d-b4ab-71cc1de11695,1099409.203162756,1099409.3752696752,1099411.463473844,3201,200,0.17210691911168396,2.0882041689474136
47e2b25d-36dc-4bd3-ae19-6afa581cb40a,6f24de9e-e2e5-4fb2-945a-f020e5f99868,1099409.203159771,1099409.646342709,1099411.6107679529,5975,200,0.4431829380337149,1.9644252439029515
9c949f49-290e-4236-ac88-8d114c01d8b0,346884c6-d766-4ec5-aa72-7b2d60af0395,1099409.203145319,1099409.6611007238,1099411.7876737837,6871,200,0.4579554048832506,2.1265730599407107
20d60366-b216-4dea-9e9b-0cecb86cdeaa,94ba9780-3dd2-4cca-af8d-6f5168719d51,1099409.203156402,1099409.9377008323,1099411.9425916772,6373,200,0.734544430160895,2.0048908449243754
0e78452f-781b-49b3-a26f-fea16bf08d37,8868955d-393a-449e-93f9-9cf09615a9cf,1099410.202881724,1099410.3336638222,1099411.979642128,2247,200,0.13078209804371,1.6459783059544861
87be5424-263c-4040-b600-e9f9afa76f14,933f3928-c5bd-436c-b052-8afb0bd75fd0,1099410.202870124,1099410.4543059182,1099412.0512501241,4168,200,0.25143579416908324,1.5969442059285939
ee35317b-9598-4181-992a-2f05f9bd40cf,281edbae-3719-41ae-9078-826304211e5b,1099410.202874104,1099410.371031659,1099412.241661711,2930,200,0.168157554930076,1.8706300519406796
f18af32a-5c3a-494e-8cc0-123c60e18195,4d35524b-b5f4-4841-84b1-db05ed40f78f,1099410.202858842,1099410.5768089818,1099412.8055213229,7063,200,0.3739501398522407,2.228712341049686
d4fdf0bd-d07d-4104-a7ce-4fe2008af2f0,b37c25a9-30ca-45ba-948f-8b94d0b977f6,1099410.202876647,1099410.6395990471,1099412.830160989,5662,200,0.4367224001325667,2.1905619418248534
d46c0615-9175-4ff5-a50a-ab58cccef6a9,92dcd987-4459-4c21-98a5-5129ac92bc66,1099410.202879388,1099410.828120991,1099412.9406603228,5795,200,0.6252416030038148,2.112539331894368
d40f138c-f533-4d65-b19f-0193598bbff1,ce6f50d7-6546-4e5e-801d-c1df390fc739,1099411.202683221,1099411.3312840771,1099413.253465943,2938,200,0.1286008560564369,1.9221818658988923
4b404ab1-1c24-4d19-9d1f-bcd629732b5a,abc0c6cc-0bfe-4666-83e8-64b03ca4efa9,1099412.202746594,1099412.513285678,1099413.823463337,3786,122,0.31053908402100205,1.3101776589173824
ebda6f0e-bdc0-4365-8da8-e5ddf073aee0,bdd9f5a6-1735-41b5-b69f-6becb90472cf,1099412.202751054,1099412.2434724558,1099414.156201562,514,200,0.04072140180505812,1.9127291061449796
81f603df-f1e1-440e-a267-2ee444468fa8,b43a54be-56bf-4383-90c8-2237a54a894d,1099412.20273188,1099412.43488501,1099414.6542061039,4202,200,0.23215312999673188,2.2193210939876735
2ce4eff1-61d5-4c3a-8b6b-ab8827b8dafc,362e7dd0-a233-4042-adde-c1e9626a0aef,1099412.202754861,1099412.497696867,1099414.659687074,6458,200,0.2949420060031116,2.161990206921473
c9449931-5705-4c00-934c-1fcf13e0758f,64e8c11c-c5f9-4b48-b8af-c0a25c431931,1099412.202757995,1099412.8502435673,1099414.8322029922,6306,200,0.6474855721462518,1.9819594249129295
650d2444-aa78-4342-92bd-4bdced7c1f1e,db0d8031-9380-4fe2-8061-0b305834b36e,1099413.20393045,1099413.24910682,1099414.980565634,692,200,0.045176370069384575,1.7314588141161948
14db2679-3308-473b-bd88-957124484fcd,6fabae89-8106-4a2d-87ea-938cd36cda15,1099413.203926088,1099413.388849144,1099415.407737545,1002,200,0.18492305604740977,2.0188884008675814
00ba330c-6e29-4faa-9c55-8e82e565c2d3,69756b9b-d2e4-4a2e-8c02-1fbcee79c27c,1099413.203894032,1099413.487690743,1099415.411949302,4049,200,0.2837967111263424,1.924258559010923
89079c44-553c-408d-bafa-f7efc8045c57,420cc219-d4c9-4156-b463-edb91ecbe2ab,1099413.20391253,1099413.444844714,1099415.410547162,3282,200,0.24093218380585313,1.965702448040247
7dab607e-eeda-4cbe-8cf5-a12f57a5aa5b,26c258a6-5b59-44bd-b849-a28547921f76,1099413.203922142,1099413.482192649,1099415.410448861,6281,200,0.27827050699852407,1.928256212035194
73a83fe5-35cf-4083-ae23-89c8c94356b6,8ca7cf43-4763-434f-9f7e-0cbad9b2b4eb,1099413.20391839,1099413.305231443,1099415.561345774,1792,200,0.10131305293180048,2.256114331074059
68a11305-f2dc-405c-a12f-e47ecfaac13b,b41b2727-9d24-424d-bb37-13c4628f0722,1099414.202879611,1099414.2448407197,1099415.855865636,515,200,0.041961108800023794,1.6110249161720276
29403fa9-a274-4bf9-9ebd-0954e609b880,f4288e8a-c8ba-470c-896d-085c2d99d96a,1099415.203204674,1099415.492637725,1099417.72933481,1443,200,0.28943305113352835,2.2366970849689096
c280bb55-693b-42d4-a7ce-8f93d3e011f3,9be2a601-19ad-4a64-8a31-74d14d459e36,1099416.20354212,1099416.24248644,1099418.376302507,6116,200,0.03894432005472481,2.133816066896543
514b617b-0ca9-49b9-af50-90214787ce11,69913c22-6b90-4a33-99f4-3af60ba7a908,1099415.203163531,1099415.685944635,1099418.4778431118,2980,200,0.48278110404498875,2.7918984768912196
3b9816d3-2d6b-411a-9ce1-01ecd55cd949,394d1f48-5ed2-4b48-bbcd-f72d5f1a36aa,1099415.2031956,1099415.763788115,1099418.513024264,4134,200,0.5605925149284303,2.749236149014905
998b28ff-0e12-4bce-805e-08f6fd153807,f770f11c-09f2-44dd-90f9-95c49f8ca462,1099415.203213601,1099416.0814216598,1099418.693952597,6223,200,0.87820805888623,2.612530937185511
9ac2135d-f052-4b5e-808d-a41afad243e0,9e3c8867-59dc-4f49-8675-cc60714855dc,1099417.203506721,1099417.442565424,1099418.8993470059,3692,132,0.23905870295129716,1.4567815819755197
173b3770-782c-4a5f-8e9b-aff4d9eab6cc,c49def02-d591-4de2-b5b8-5d6d36f9f1a4,1099416.203559187,1099416.448096906,1099418.90964241,3535,200,0.24453771905973554,2.46154550393112
6003e146-a545-441c-b318-e6e5cf0287ed,3fad36b5-6bb3-4dd2-b7e5-7ce7e5787a0f,1099418.202807757,1099418.346051336,1099419.52644288,2688,98,0.14324357896111906,1.1803915440104902
283ec829-d915-43c1-a982-b4fe354c28d6,47655980-12c4-4dd9-9ee0-ecc634eaf4db,1099419.203007913,1099419.322784212,1099419.667092776,1785,24,0.11977629899047315,0.34430856397375464
202670c6-f576-49f5-af0e-eb01bfa97f9c,e7f01139-1e4b-4422-b528-7ad4ccbd6ad4,1099417.203510785,1099417.4926900112,1099419.921899297,5716,200,0.2891792261507362,2.4292092858813703
d1d12b80-985e-43ca-b684-a31e33ecfd4a,64067c58-b338-48a4-85e4-99a236b0af21,1099418.202828937,1099418.2511290598,1099420.220785295,2086,200,0.04830012284219265,1.9696562350727618
c9a92c21-2eea-47ec-802d-6ceb092f2465,086d9db4-5996-4535-986e-525ff4b4a80d,1099419.203012596,1099419.6440899398,1099420.4131060778,3129,70,0.44107734388671815,0.7690161380451173
59553919-03bc-4f1f-838a-e002bbd003aa,38274d58-563a-4896-ae8c-7920e3737a7e,1099419.20299313,1099419.765533236,1099420.4776319591,2952,61,0.562540106009692,0.712098723044619
d69d9bc8-4341-49f0-a0a1-9118d35cf9df,5fcd7bbd-da7e-4afa-95ef-18c316df5c14,1099418.202831625,1099418.704669403,1099420.518201653,6200,139,0.5018377779051661,1.8135322500020266
06562b51-21f2-4527-b6fc-b8e3263726ea,a24e58f2-2110-4c13-b7a6-ccba1267dbc0,1099417.203493328,1099417.5984081242,1099420.541280518,4023,200,0.3949147961102426,2.942872393876314
384196e8-b19e-4b74-8abe-9e05569e8f2b,21aff5d2-52eb-4393-97d6-cc63d6a99afd,1099417.203514379,1099417.720544671,1099420.6625012269,6238,200,0.5170302919577807,2.9419565559364855
e03fafcf-c648-4911-a065-f739ad534ed5,21d6c7bf-0824-4d6c-ae87-342ca4d3bf10,1099418.202826479,1099418.4770938728,1099420.9989348329,5861,200,0.2742673938628286,2.5218409600201994
0149dad6-197c-4b45-b479-7ccc20a83949,384c381c-9e43-46bc-ae6e-f423ed8194ee,1099418.202819617,1099418.554769731,1099421.054024614,5900,200,0.3519501138944179,2.4992548830341548
5584c5d7-ae28-45a6-a030-96a0a9a7d854,166a2dc5-002f-4a10-b639-bb2203757854,1099420.202565979,1099420.348569576,1099421.05879131,1197,48,0.1460035969503224,0.7102217341307551
2a51b150-79f5-43ad-9877-6e8ba99f5c3e,a0b65a6d-aea0-4f9f-8b88-9eb0305f5ba2,1099420.202563166,1099420.3128216378,1099421.069538541,1071,52,0.11025847191922367,0.7567169030662626
1d52b1aa-bbad-4da2-83bc-6569ba6c4653,fce3ea11-79d5-4728-b7be-60d043fccec8,1099418.202823553,1099418.27102495,1099421.335266845,580,200,0.06820139707997441,3.0642418949864805
5555d64b-d9a2-47ac-a696-ee162daaf388,c7344d02-17ce-4505-8d92-ada61240d9c1,1099419.202998365,1099419.269816256,1099421.534013506,3471,200,0.06681789085268974,2.264197250129655
ad983d5f-2eec-4191-b3db-39ad5b7dd928,5f121c84-8232-44fe-909c-9a69fa9fdc9b,1099419.203003173,1099419.4767410168,1099421.769554389,3616,200,0.27373784384690225,2.292813372099772
779d4409-1230-45b9-b25e-7420d149d311,bbcd387e-2da3-42b3-a203-5b94806d5f04,1099419.202995919,1099419.5216189,1099421.8000785839,4526,200,0.3186229809653014,2.2784596839919686
fdbef39c-9d57-4c66-abb6-303fffc3396d,0a292c2d-a16c-463f-8328-8918f0e015aa,1099419.20301029,1099419.343807716,1099421.798165185,2291,200,0.14079742599278688,2.4543574689887464
34ecf629-06f9-45df-a5f2-aff53703801f,016dd4b2-29b2-4b1e-8e7a-9002ec0e19e8,1099419.203000707,1099419.4713789972,1099421.849608655,2647,200,0.2683782901149243,2.37822965788655
cb59bd75-2879-418d-8652-ec6d3117e6b1,e6b5aa5a-f8c4-40a5-83af-81b226cb08c3,1099419.202977679,1099419.654943648,1099421.895798488,6239,200,0.45196596905589104,2.2408548400271684
bd2becdb-62ab-4ed3-ba13-a6b6d1751b6a,a49d24aa-32c1-4fd9-8039-e95dd8e8abd7,1099419.202989362,1099419.6721390919,1099421.9308607758,5830,200,0.46914972993545234,2.2587216838728637
cffd5b10-0b1f-45a5-87ab-c899bf2e233f,bba30c2c-2f5f-43ba-8618-041c52204c6e,1099419.203005785,1099419.790699371,1099422.304816659,6476,200,0.5876935860142112,2.5141172881703824
44d06ea8-1edb-4953-b321-e2da074bb922,e5f01142-a764-4c98-99a0-2f3f3a2ca72e,1099420.202568067,1099420.4078085271,1099422.5514125382,3496,200,0.20524046011269093,2.1436040110420436
5c195ec3-fb39-4f97-9f76-aa79ad753608,799e20b1-36a1-4282-9d47-3faabcc08648,1099420.20254839,1099420.646013857,1099422.724617604,6375,200,0.4434654670767486,2.0786037468351424
4cc474d0-8c3f-4f68-ada6-8326e1deeea7,2de8f2d6-66ab-4a07-90f9-203b01c54d88,1099420.202559785,1099420.5574549108,1099422.885600373,6066,200,0.3548951258417219,2.328145462088287
e3606d6f-1862-4280-99f5-2a4f101d7653,a5fcfe4e-eb51-4ac0-b8bc-d87496e3d9cb,1099422.203101926,1099422.411533315,1099422.923208084,3664,25,0.20843138894997537,0.5116747689899057
c5ee377a-b345-42ae-aaca-4c74f83ced99,758f371a-5234-449e-ab92-503ceb1972bc,1099421.202608451,1099421.283830595,1099423.448373923,792,200,0.08122214395552874,2.164543328108266
1ca1b48f-f2ae-4263-b86d-5ce8c5d166a3,fe06d773-cd9a-42bf-b1d7-614c1c625f07,1099421.202614756,1099421.731808827,1099423.738859513,6445,200,0.5291940709576011,2.0070506860502064
ac923772-98d4-466c-8c70-2777d882e71c,6b878a33-5f67-484e-9f15-8dc6a9ae6662,1099421.202611769,1099421.4589577802,1099423.751056709,5198,200,0.25634601106867194,2.2920989289414138
58214d25-d652-45d0-bbff-3e08ffdaa5d6,3ac1f3a7-813a-4683-b941-b18074fd7722,1099421.20259628,1099421.483002447,1099423.893430536,3776,200,0.2804061670321971,2.410428088856861
cc831146-95dc-4fcf-af62-f3999f335743,c648cdc5-98a2-415a-aa4a-842fb1b3b4b2,1099422.203121775,1099422.242916839,1099424.495055601,458,200,0.03979506390169263,2.2521387620363384
ce7be34e-75f9-4cb3-962a-4d44da6c28e1,73263cbe-ff20-4caa-bbf9-8ff4b160fd8c,1099422.203115102,1099422.497630771,1099424.707964068,3393,200,0.29451566911302507,2.2103332970291376
6aac6958-94be-43f8-bca8-2ba3cf8da749,3ed7f939-1a64-4314-86e0-5d9c4a84a947,1099422.203118854,1099422.718718091,1099424.779521747,5924,200,0.5155992370564491,2.060803656000644
a3ead9e6-d5ce-4919-913a-a356251020a3,7d271e94-b87b-4bd4-a92c-c4216fa6b6ed,1099423.202570609,1099423.349056125,1099425.239876506,2726,200,0.1464855158701539,1.8908203809987754
75666c4c-eaff-4769-8d0a-a83c1365a857,4895017a-ac7e-4f78-a8c4-c0efe3579875,1099423.202553245,1099423.837584171,1099425.596455585,6261,200,0.6350309259723872,1.7588714140001684
9e3f2f86-318f-4c06-9e1b-268178cf3b59,d99bd3a4-aa98-4081-914d-d5fe46dea9f9,1099423.20258041,1099423.265592805,1099425.646929699,3261,200,0.06301239505410194,2.3813368938863277
4d04b552-6304-4ebc-9926-91f9b370d733,d2c2b97f-4db4-4109-bf39-ed62c93134b4,1099423.202564815,1099423.299841586,1099425.657858623,627,200,0.09727677097544074,2.3580170369241387
83c1eb38-9104-4a0d-8110-151b9b405b39,e1b5995c-619b-4b09-9601-e134117755ff,1099423.202577908,1099423.471921853,1099425.725902039,2591,200,0.2693439449649304,2.253980186069384
8cc407bd-6e91-4cea-8766-42d1e2fc97dd,c091b3a7-97e5-4a95-8225-26b3b3a6566f,1099423.202575407,1099423.417666591,1099425.772621926,3197,200,0.21509118401445448,2.354955334914848
d7b27fb2-c121-4fb0-b132-0e307c45c091,19c30b89-49e6-4785-b4ec-da68e367d4ae,1099423.202568194,1099423.6717378078,1099425.7784529708,6510,200,0.469169613905251,2.106715162983164
8186ab44-ca20-425b-976d-808dc3442cd8,2eef5030-8e4f-48f7-87c0-c4672c479dbb,1099423.202573043,1099423.670976355,1099425.853512157,6562,200,0.4684033119119704,2.182535802014172
277c18fe-a025-4da1-b492-a31d6033d0db,05632621-7db2-4736-b11c-644a5c05ada0,1099425.203082233,1099425.591575038,1099426.31434058,6290,63,0.3884928049519658,0.722765542101115
26430766-fb68-4eb6-bea8-85fa85c48b4b,5af26803-465f-4efa-ae1e-28fcc54ee796,1099424.202754535,1099424.283716683,1099426.3153196522,725,200,0.0809621480293572,2.0316029691603035
fc25fd5f-9d04-4453-9e3f-97d07be68bd9,5f19ba86-19af-4239-a7f9-b0bdc619d45b,1099424.202771437,1099424.355814149,1099426.3375876278,2003,200,0.15304271201603115,1.981773478910327
53c0f534-2c5c-4463-b648-df795c740a28,10a77566-30c0-4a98-b443-a2bb542d4dba,1099424.202768839,1099424.694590896,1099426.402938032,5912,144,0.49182205693796277,1.7083471361547709
e83eee5d-1850-49f4-b832-d83813e2ab4a,f554436d-1d1b-47f3-a997-b59b79320c86,1099424.202765752,1099424.676073088,1099426.582973502,6049,200,0.4733073359820992,1.9069004140328616
bfa823f6-78d8-48d2-83dd-95e3ab40fe3b,5897c4fb-ed7e-4ecc-9fe7-58fb12322c05,1099425.203070088,1099425.34066442,1099427.492264483,2168,200,0.13759433198720217,2.1516000628471375
2f521830-dd65-43f3-a67c-3ac5011d98e5,4c20794e-ec1f-4857-9eb2-b4456b5879b8,1099425.203090283,1099425.393598753,1099427.5262812732,3865,200,0.19050846993923187,2.1326825201977044
2ae3c1be-4173-4727-8d57-0262d9c6e359,bfa767e2-3dd3-462a-8100-22c9a1611ab7,1099425.203085468,1099425.4343643798,1099427.5343168338,3107,200,0.23127891193144023,2.0999524539802223
8b474af3-9841-4d9e-9a4e-e6de4b463a4b,44e83e1c-1083-44c9-9f17-132d04102b38,1099425.203095052,1099425.4650063638,1099427.587145156,4291,200,0.261911311885342,2.12213879218325
3fb93ca6-5e42-47fb-b1de-cd557d4ddc1c,583cbfc9-7618-498d-864b-dd180e9fa774,1099425.203087767,1099425.7240947897,1099427.8123796447,6835,200,0.5210070228204131,2.088284855009988
f100bc01-193c-48b6-9f4a-53e19bc97bb7,70efcdcf-b43e-4fea-9b8e-1b80008b762c,1099425.203092699,1099425.412707284,1099427.949668627,3067,200,0.20961458515375853,2.5369613429065794
087e7824-4dd5-4234-b9fd-d634d79b6251,57c2ac45-8120-4e87-a94f-6da7772b8f3c,1099426.202634065,1099426.252361137,1099428.080626884,884,200,0.04972707200795412,1.8282657470554113
84d2e707-55f3-4113-9d9b-e814d2d55963,89cf2e96-a828-4fa8-862d-c0d888d66892,1099426.202619625,1099426.423906604,1099428.407046136,3894,200,0.22128697903826833,1.9831395319197327
03b42d89-3522-41f1-84a9-87579fa73472,12aae71a-3e0d-4bf5-90fb-76d1a7c353ae,1099426.202636809,1099426.8632425591,1099428.9070832692,5783,200,0.6606057500466704,2.0438407100737095
04f8e7c0-236f-4623-8bdb-2a37971cb74f,f8ab9d2b-deca-482c-8981-3b28f5058d06,1099426.202630865,1099426.6057435349,1099429.088839762,4813,200,0.4031126699410379,2.4830962270498276
2e53c42f-7453-444c-b5c8-577188c38014,96015687-9e81-4734-9276-a7f8c50e7724,1099427.203159443,1099427.3653513172,1099429.1541214532,3033,200,0.16219187411479652,1.7887701359577477
caeb74e3-654c-47c1-a514-e2c65b793901,d15044b7-c396-404e-998e-93e71a743f28,1099427.203170604,1099427.381309946,1099429.341622957,3476,200,0.17813934199512005,1.9603130109608173
93d44ffc-cf97-4a0a-88be-edfb1c420d44,5ff78ba8-aec6-4968-b820-e7cd608f5eb4,1099427.203174084,1099427.462846845,1099429.6654817879,2136,200,0.25967276096343994,2.202634942950681
3b448062-9340-4371-b3f7-707a38009794,08fb65a4-a7ff-4ed3-8715-ab206f240a59,1099428.203044046,1099428.305724167,1099430.143031848,585,171,0.10268012108281255,1.837307680863887
a9bf34df-7d94-4a9f-a874-684a9b2da09e,8d4c20d5-b673-4411-a55c-d0252707a0cc,1099428.20304734,1099428.311133708,1099430.176102264,1883,200,0.1080863680690527,1.8649685559794307
c9f05bcf-31f9-4b03-8faf-12d4baecda32,edf00561-d5fd-43db-891d-a57747fab3fc,1099428.203054628,1099428.606188971,1099430.5004463021,6127,200,0.4031343429815024,1.8942573310341686
fc80ca34-e22f-4d88-8dd1-38a62e0908c3,00350808-5c9c-404f-9bcd-c153da1e8468,1099428.203039116,1099428.3712131279,1099430.593222338,3126,200,0.16817401186563075,2.2220092101488262
3afd9ebc-70d7-4143-9524-fc3f286ea4b3,b41b2727-9d24-424d-bb37-13c4628f0722,1099428.203003385,1099428.257778885,1099430.6860004931,515,200,0.054775499971583486,2.4282216080464423
ab092218-f225-42c3-bcfe-cbca1e77b825,02e62337-ed7a-4bd2-a1e6-766865751cd0,1099428.203050782,1099428.386640263,1099430.7808563109,2970,200,0.1835894810501486,2.3942160478327423
8ceacbde-6f02-42e5-af83-fd38e8aa560e,bff10748-f740-469e-827c-559968f70543,1099430.203172439,1099430.586449102,1099430.8615901012,4327,26,0.3832766630221158,0.27514099911786616
b09aaf20-8e64-4e00-970a-ce4e5b5556a8,dc01cdfe-5594-4022-adeb-04dcc93573b5,1099429.203494998,1099429.267775761,1099431.0049809308,6379,171,0.06428076303564012,1.7372051698621362
3801c5da-41e3-419c-b195-f5972dc36fb9,a66219a5-0bf0-499e-8da4-6217f9feef08,1099429.203472845,1099429.3215715531,1099431.222586526,2041,190,0.11809870810247958,1.9010149729438126
9d158bdc-0f7a-47e9-9d3a-10a1aedd275e,ca330d28-a7ef-4a25-a6cc-51578e715514,1099429.203491999,1099429.662740845,1099431.580819512,6053,200,0.45924884593114257,1.9180786670185626
9181f0dd-91f8-4d8e-9e36-c352c0954a33,67758644-12b8-4d98-b640-a9e8ac069351,1099429.203497887,1099429.387346851,1099431.610931153,753,200,0.18384896405041218,2.223584302002564
97bd80e0-dbb8-48fe-ac99-08618aa8d185,3b426e11-6474-4ca6-8e48-9e80b18cd736,1099429.203500506,1099429.654307068,1099431.636838688,6287,200,0.4508065620902926,1.982531619956717
434a3fa1-cd01-4fc8-825a-2f74f783e8ea,c0241511-021f-498c-8680-47ea72b2ac48,1099429.203487571,1099429.660237349,1099431.696611453,6182,200,0.45674977800808847,2.0363741039764136
13627007-3e25-417f-8bad-26edf6a00a35,20a5ac43-3841-4dd2-974f-f7830a0b6360,1099429.203503029,1099429.786001005,1099431.8157205328,6304,200,0.5824979760218412,2.029719527810812
c0242224-0b18-4843-87ae-0797463ec682,7512566d-1690-445a-a19d-ecf10aebe311,1099430.203154807,1099430.320866903,1099432.1658860461,1858,200,0.11771209607832134,1.845019143074751
f7e04964-9020-4829-8690-51d638b7a89a,7566167e-bf47-4f1f-b7d0-e3cef448181a,1099430.203169923,1099430.369897152,1099432.2124184049,3057,200,0.16672722902148962,1.8425212528090924
88d520c3-389e-4bc3-af4b-7fa9d2b05ca1,906139de-bfcf-4e94-9bec-98a4621dbed1,1099430.203174746,1099430.4882692648,1099432.2320340609,4862,200,0.2850945189129561,1.7437647960614413
77204c51-e173-40c5-85b5-969c02c102a6,97e65553-6ec9-44f6-b7dc-aa1fa5954746,1099430.203166552,1099430.284856273,1099432.766831797,981,200,0.0816897212062031,2.481975523987785
23deac77-7f47-44f9-bb6b-9cccf5193b59,a89382a8-dc9a-4c53-8dd0-6dea43247d09,1099430.203176885,1099430.37720177,1099432.819465857,2740,200,0.17402488505467772,2.4422640870325267
db759e05-2cc5-489d-881a-c001bc6e515e,911d7352-a7c8-4221-994f-575ec976f2e6,1099431.202636701,1099431.3911895931,1099433.079638533,3114,164,0.18855289206840098,1.6884489399380982
b35938cb-1796-4526-be96-28248a39f3c5,d81300c0-9e09-45d8-84f5-e342f80ca6d0,1099431.202642553,1099431.300261772,1099433.08751678,1673,200,0.09761921898461878,1.7872550080064684
56b5e746-5709-426d-97c4-ec70bed36d77,abc0c6cc-0bfe-4666-83e8-64b03ca4efa9,1099431.202624946,1099431.249566152,1099433.535041623,3860,200,0.04694120609201491,2.2854754710569978
110f23d0-efef-4655-abde-7013f337af73,586ddd63-a522-48ce-ae0d-777af55d3cac,1099431.202639983,1099431.515645765,1099433.6124324389,6359,200,0.31300578196533024,2.096786673879251
8feee22c-c760-45ac-9c9f-82ddcc8f4be5,8868955d-393a-449e-93f9-9cf09615a9cf,1099432.203003845,1099432.3148708958,1099434.170861265,2247,200,0.11186705087311566,1.8559903691057116
d891c75d-8d05-4e23-ac34-b635700f8ea9,9f7b1605-012c-47de-9622-02198dfdb495,1099433.202869101,1099433.2931847428,1099434.3010661448,1245,115,0.09031564183533192,1.0078814020380378
ea4a3caa-2b1f-42d9-b5ee-52e594bc5062,b5226851-4c9d-4453-b4e6-c42806e2a396,1099432.202990609,1099432.60040979,1099434.6582837729,6513,200,0.3974191809538752,2.057873982936144
5c6b3c87-df21-454b-8688-fa19bb892713,c7558f93-f86c-4355-a7b9-c08b9ddff562,1099434.202960429,1099434.88134495,1099435.1166008532,6305,25,0.6783845210447907,0.23525590309873223
b913cda8-93f2-4e18-877a-0466feda3d53,6987934b-c3f2-4c6f-a780-181ddb9846a7,1099433.202854678,1099433.294856095,1099435.155228361,574,200,0.09200141695328057,1.8603722660336643
cfa57de0-b279-49f4-95f3-e2d68180c4f7,f6953b7d-3280-49a8-b2d0-71adc79f73c4,1099433.202877827,1099433.292336008,1099435.1774164939,890,200,0.08945818105712533,1.885080485837534
3f389dd9-60c6-4874-8e2e-cf5cbbdfd2f4,1fc548da-464f-4b21-9d2a-f61ee57a111d,1099433.202874014,1099433.5324998389,1099435.3706265339,5793,200,0.329625824932009,1.838126695016399
11ccf0fb-d89b-46b6-85a3-ef524310467f,af6c4ac0-42de-4e80-9ef0-b8c44f7ca710,1099434.202956207,1099434.651918344,1099436.806666973,3249,200,0.4489621368702501,2.1547486290801316
b27e648a-1c14-41dc-9e87-3a56cebb558e,fff8b79f-fa34-4f2e-850b-d97f41738cf7,1099434.20296618,1099434.2761105758,1099436.830329872,429,200,0.07314439583569765,2.5542192962020636
82f7808c-ec1e-4b23-aabd-f7fec5ee98af,0063e1c2-efc9-4319-b73c-26561d65a9f4,1099434.202942087,1099434.658787064,1099436.908477972,6281,200,0.45584497693926096,2.2496909080073237
53302bc0-e627-4cf6-b76d-1dcdc575517b,477df5a5-5195-4a2c-8f15-39eb80add435,1099434.202963177,1099434.6620342762,1099437.0636200062,6270,200,0.45907109905965626,2.4015857300255448
53830ff7-24a2-40ab-a59e-af5cb64bd9ed,92822c32-6058-49fd-aa9c-0152bb38bb78,1099436.202788584,1099436.527573705,1099437.162516089,5907,58,0.324785121018067,0.6349423839710653
a37577fa-aedb-44e8-aadc-7ab248b4919e,c6afdc8e-36fd-4e34-8ecf-f11068eb0a68,1099435.202967605,1099435.3416553673,1099437.570068936,2799,200,0.13868776219896972,2.2284135688096285
1a335525-55bf-462c-92f3-c7931161ebd1,572c2839-ba50-43b8-b7b0-0bf23c8d57dd,1099435.202981083,1099435.531325313,1099437.686700628,5651,200,0.3283442300744355,2.155375314876437
9d8a8bb9-e508-4182-8441-013798c7dcb5,52b8d013-981a-41d3-8520-eb23e5010775,1099435.202985962,1099435.6651595999,1099437.735672359,6306,200,0.4621736379340291,2.0705127590335906
cc510ec9-0d6d-4f24-be62-e084f3af1f60,16679acc-88be-464c-9a63-9da521e2e518,1099435.20299229,1099435.296320095,1099437.752174569,1656,200,0.09332780493423343,2.4558544741012156
579936e9-dc1a-4a38-ab3c-59b409a7ca6e,d99bd3a4-aa98-4081-914d-d5fe46dea9f9,1099435.202989127,1099435.426168377,1099437.7691259212,3261,200,0.2231792500242591,2.3429575441405177
e1dc61b9-ce3b-481e-8210-df70bc357818,e9227b44-8d0d-488d-bfd0-6181fce2773d,1099435.202995101,1099435.594973747,1099437.840580191,6354,200,0.3919786459300667,2.2456064440775663
073a4cde-80d8-45b3-9bdb-e870fde9a0f3,ecfeda96-aaed-4a21-964e-cb67a3f8658e,1099437.203271036,1099437.322295624,1099438.313062402,1163,98,0.119024588027969,0.990766777889803
d0cf3fc5-fb3e-4588-aa88-664b9ed13fb6,01580029-b853-4a73-96e9-198754e7c6cf,1099437.203268665,1099437.527206495,1099438.5683262118,6399,79,0.3239378300495446,1.041119716828689
5bcbeb37-3e10-42af-9496-b2b19d8c867e,c7344d02-17ce-4505-8d92-ada61240d9c1,1099438.202583093,1099438.2860611,1099438.660179907,3664,25,0.08347800699993968,0.3741188070271164
58791976-98e0-4aa1-a2ca-fee96c94b962,9241e5d4-7685-47e9-8f12-d51806022933,1099436.202791023,1099436.6687982872,1099438.9507566642,5519,200,0.4660072640981525,2.2819583769887686
a2d0f14d-86ca-45f9-8276-69b17ecd34bd,f483dee7-275c-4181-9276-2967d4d6cbdd,1099436.202785814,1099436.37120428,1099439.2851402122,2163,200,0.16841846611350775,2.9139359320979565
06c75338-f509-4b6a-9272-7ff7d118db69,c2cbe9ac-84ba-4ba4-8d9c-43c03e1b96e7,1099437.203254181,1099437.5463005798,1099439.3221896729,6155,180,0.34304639883339405,1.7758890930563211
3c73c007-4dc8-4247-829d-1791a23aa788,9079960d-2c5e-4892-b03f-4c965fd9712e,1099436.202770505,1099436.5378533322,1099439.3429684753,2704,200,0.3350828271359205,2.8051151430699974
ba9d989f-3b7e-46ac-a667-3a825d9c9950,3cba0bbe-0d61-4be6-8be5-4585a5068a33,1099436.202782309,1099436.53663793,1099439.3435815228,4611,200,0.33385562105104327,2.8069435928482562
41d36f59-37ba-47f3-aa28-41ac0a204370,1d9d59fe-b742-4ff7-a68f-88fb2eef9ca9,1099437.203265318,1099437.5432197698,1099439.9945339349,6038,200,0.3399544518906623,2.451314165024087
5263c2af-17a1-4949-ba47-f5ab15f16860,01524993-21d4-4d2d-a5d5-91a5663d91e2,1099437.20327343,1099437.697625717,1099440.115839045,6081,200,0.4943522869143635,2.4182133281137794
fded49bf-9b02-497e-9e89-ee71a40a3c0d,a20dd19b-9f15-4306-a9fc-6bb31bfbc2d1,1099437.203275426,1099437.8751739252,1099440.2739956132,6374,200,0.6718984991312027,2.398821688024327
d05957ef-4bfe-43a4-a047-263ccf269db4,10a77566-30c0-4a98-b443-a2bb542d4dba,1099438.202599329,1099438.674604246,1099440.319748225,5907,132,0.4720049169845879,1.6451439789962023
9c06d3ef-bcfd-4ade-b80c-f4f3810f7e50,ceefa533-f37a-4408-af9f-4ed7830209c4,1099438.202604557,1099438.631409366,1099440.7699998978,6371,200,0.42880480899475515,2.1385905318893492
487bc439-3f98-4652-827d-5d638e2e426c,8171fb88-1e6f-49a9-ab54-976103cd97e5,1099438.20259631,1099438.4048980922,1099440.7815623342,3173,200,0.20230178209021688,2.376664242008701
b3a713ea-30fc-4eb0-b253-778cbdeccbc2,51d7988b-eec2-45b2-8f76-0f1e4c5c4383,1099438.20260192,1099438.6379204222,1099440.8520939453,5083,200,0.4353185021318495,2.214173523010686
2fa4ae1b-602c-4dcf-b191-a9fa2c5cf649,b1506650-c796-427f-84ec-42b45a69bfd0,1099439.202761364,1099439.3162358038,1099441.295074615,1894,200,0.11347443982958794,1.9788388111628592
2cfebf3f-e0b2-483a-90be-d2340ac61a98,67051a1d-89a2-4ed0-8ddd-2edca032ecdb,1099439.202758039,1099439.522450803,1099441.385205957,6252,200,0.3196927639655769,1.8627551540266722
0187b315-a7ae-4e95-b4f6-2f41d1ea165f,a02280bd-fa5b-4922-87b9-2a3dbb46fb23,1099439.202746409,1099439.234685308,1099441.5702469721,401,200,0.031938899075612426,2.335561664076522
1d4b3422-297c-4ba9-bde5-59f1122c5743,ad6e0805-854b-4ad4-b718-81d6c8218f27,1099440.202704148,1099440.405606808,1099442.3530651429,4675,200,0.20290266000665724,1.9474583349656314
86b7bfc6-8499-4121-9dfa-d064202df0d1,04f3db68-b68d-42e6-81e9-fab8863d46a9,1099440.20269237,1099440.3663117418,1099442.4161544628,3249,200,0.16361937182955444,2.049842721084133
30e0cb0b-cc14-4a5f-8354-0f80782ff650,75c7239e-0ed3-47a8-a263-d57a21f51968,1099441.203227084,1099441.232115645,1099443.078485384,517,200,0.028888561064377427,1.8463697389233857
28666f89-5fdc-4cc2-8fd3-840019c9ce49,bf8e8e18-4cb2-418f-891c-f4f1f6372ac2,1099442.203232058,1099442.3050373353,1099444.1223961492,1789,200,0.10180527716875076,1.8173588139470667
939f27c1-7c15-432e-8732-c02a7591a791,5e58d4ca-bf58-4ee2-994c-fc398a6a70f7,1099442.203229416,1099442.5298263468,1099444.3159612438,5427,200,0.32659693085588515,1.7861348970327526
17ec1a8e-0301-432a-a6f3-1f412d47d2fa,166a2dc5-002f-4a10-b639-bb2203757854,1099444.203027067,1099444.312015067,1099444.74169618,1270,32,0.10898800007998943,0.4296811129897833
f0a6241f-7ac8-4047-8402-84040726d3d1,f4ce3a5f-61fc-46ac-b8d6-7237cfa94dd8,1099442.203234437,1099442.388923775,1099444.73962535,2819,200,0.18568933801725507,2.350701575167477
87f1c92c-c149-457c-b303-40d8d7c14721,062bdec0-22ac-4a53-bb4e-0a77d65c9cf8,1099442.20320966,1099442.288000446,1099444.837503924,721,200,0.08479078602977097,2.5495034779887646
7ce7e6ff-f903-458a-b2ad-0d68ea825ce1,e2bb5c6d-8f13-4395-8e28-67275d11e72f,1099442.203222492,1099442.567756311,1099444.8628510502,5115,200,0.3645338190253824,2.2950947391800582
1f04e0b1-4bf3-47f2-8f05-b46057e01fa5,0bfead47-2d50-4cc0-903b-b629a345cfd7,1099442.203226327,1099442.361960764,1099444.922078367,2509,200,0.15873443707823753,2.5601176030468196
af80e134-f8b5-402e-b96d-0b2725489a6a,67758644-12b8-4d98-b640-a9e8ac069351,1099443.203073567,1099443.2992189862,1099445.040404709,753,200,0.09614541917108,1.7411857228726149
edd7f661-5e9c-4712-a303-06f6050027d6,62f03492-233a-4c73-8583-919a97f51a7b,1099444.203011358,1099444.3553484378,1099445.0542933969,3270,58,0.1523370798677206,0.6989449590910226
10698497-c4ed-4443-92ca-f74d65a1bf34,abc0c6cc-0bfe-4666-83e8-64b03ca4efa9,1099443.203064903,1099444.1195332748,1099445.1460779419,3652,102,0.9164683718699962,1.0265446670819074
10b43878-2a8a-43ad-8ae1-15c856897297,d7284dde-c357-4445-b8a8-ac336e3acc3e,1099443.203071362,1099443.6399307633,1099445.5748676772,5227,200,0.4368594011757523,1.9349369138944894
46119b28-fe8b-43c5-9844-999b6d26c613,16bc6a02-4e26-4fe6-b5c5-b95d3f055836,1099443.203084536,1099443.27471784,1099445.5864129658,573,200,0.07163330400362611,2.311695125885308
9f0ce0e0-2260-4651-9d7d-e03692d7f4b7,7dffa10a-2db3-48f9-af53-bddccb30f2a3,1099443.203052344,1099443.663360913,1099445.763792915,5845,200,0.4603085690177977,2.1004320019856095
65b2f63f-821b-4b9b-8499-c657fa2981bc,933f3928-c5bd-436c-b052-8afb0bd75fd0,1099443.203076568,1099443.9692204979,1099445.892050738,4148,200,0.7661439299117774,1.9228302401024848
e8e0885c-e165-4921-b83a-0a9e29456f9f,a38cc03c-0c15-4c65-b327-0a790b0f3638,1099443.203079604,1099443.894985838,1099446.05278918,6369,200,0.691906234016642,2.157803341979161
97485ae8-0690-41d0-a5ea-429ceb5208e3,3ed61bf9-527c-438b-9427-d3c27f9b8bc8,1099443.203082083,1099443.718594377,1099446.099057791,6407,200,0.5155122939031571,2.380463414127007
1a72a7b2-e7e3-40e1-b91b-4f5feae303fa,5ed43ab5-6e62-46fc-a695-99d4cb7b0dcc,1099443.203068425,1099443.808327273,1099446.2278302659,6484,200,0.6052588480524719,2.419502992881462
93a2779b-13ce-45fa-812a-f85eac040c30,f82351e7-3d63-4b51-ae04-4b1630ee9ca6,1099444.203023766,1099444.667426057,1099446.4923774628,5350,200,0.4644022909924388,1.8249514058697969
8afaefb9-2e18-4226-8af0-3f91d5a324d0,4ae02155-c413-4c65-b178-63d7dab745da,1099444.203029898,1099444.341655239,1099446.749670552,2612,200,0.13862534100189805,2.408015313092619
b1581fc0-29f6-4e89-b63f-2af1b4d21b2d,fce3ea11-79d5-4728-b7be-60d043fccec8,1099445.203148055,1099445.250704309,1099447.0702952198,580,200,0.04755625408142805,1.8195909108035266
f013419c-72e0-4ca7-873f-b4509eae64cf,0ea7eebf-4e91-49b7-886d-7fde689bef99,1099445.203142018,1099445.423551948,1099447.1940594232,4307,200,0.2204099299851805,1.7705074751283973
8a704f50-559a-4bf2-85f5-51d264d273a3,4951c57a-6a14-43ea-8b16-ecad49cf4aa9,1099445.20314538,1099445.250410581,1099447.306079662,608,200,0.047265201108530164,2.0556690809316933
14b9dfff-7345-4294-a7ce-1275ad4fc7ef,07f0c3ff-5938-4755-a9a6-43ea470fbb04,1099445.203150215,1099445.351954542,1099447.4772063051,2513,200,0.1488043270073831,2.125251763034612
7b02125d-fc14-4f5d-9668-94fa1fad3975,99bfa5b8-81b7-48c0-a8d6-629e60885c21,1099445.203130968,1099445.5436580267,1099447.5980451168,6635,200,0.3405270588118583,2.054387090029195
832e762f-59db-4de1-914a-1eef4e27f9ff,fff8b79f-fa34-4f2e-850b-d97f41738cf7,1099446.202776758,1099446.235024665,1099448.122014014,429,200,0.032247907016426325,1.8869893490336835
40a52a3f-d761-4802-bf8f-402cf3d01fbd,452a745c-ac46-4f34-b215-56354ca1b125,1099446.202788008,1099446.419200003,1099448.522034864,4913,200,0.2164119950029999,2.102834861027077
07c843b8-fb73-4aa5-920f-bf55d9a7db0a,d3e175b8-a2ca-4f5e-a407-376162e76950,1099447.202927543,1099447.2507130452,1099449.1292340213,884,200,0.04778550215996802,1.8785209760535508
b9eda706-0ee2-48b2-800a-542dc42be3fd,8c1cee2a-d2b9-4515-a903-6237fcbbacb3,1099447.202915883,1099447.336279605,1099449.158136153,2374,200,0.1333637221250683,1.8218565478455275
5178cc15-c820-4161-a177-1558c46b6aa5,2837df08-d441-40c9-a309-8d7d55e0a257,1099448.202733659,1099448.349806494,1099450.1628696502,2980,200,0.14707283512689173,1.8130631560925394
a5b45241-2b5e-4189-bea8-f12658cb3db1,893d54fb-c8cf-4265-b0f0-731eb46f056f,1099448.20272301,1099448.502118801,1099450.296108337,6138,200,0.299395791022107,1.7939895358867943
426f4b54-a5ed-4c2c-b677-f6d12fb59ca2,08648f01-3d60-4970-b1a8-6c2826c616cf,1099448.202729848,1099448.497706724,1099450.473121375,6427,192,0.29497687611728907,1.9754146509803832
b4ae222b-776d-4b40-b3cf-6030871fc707,a49d24aa-32c1-4fd9-8039-e95dd8e8abd7,1099448.202699448,1099448.559097896,1099450.609771192,5890,200,0.3563984481152147,2.050673295976594
e6c6c978-50ad-4d26-8147-000e9f85d2a8,1b9f3c6e-4241-411f-9c01-bd9aebebcbcb,1099448.202714133,1099448.6487834512,1099450.67282224,5899,200,0.4460693181026727,2.0240387888625264
e1da40bb-d3f6-4c0c-b0a8-3b8292ef5934,552bec3f-53c2-4c84-990b-b3a31a68408b,1099448.202718813,1099448.474031451,1099450.734993168,6076,200,0.2713126379530877,2.260961716994643
0ab93449-b837-4c23-aca2-c7d20e457dda,bdd764a1-f13b-4ef5-be66-457691858534,1099448.202726535,1099448.388512259,1099450.7680318782,3381,200,0.18578572408296168,2.3795196190476418
8ce981b8-fe32-49d8-8899-532e7a3761b2,7d271e94-b87b-4bd4-a92c-c4216fa6b6ed,1099449.202636761,1099449.372571463,1099451.047919333,2798,200,0.16993470210582018,1.675347869982943
332ff8d4-d6f3-45aa-add8-3fcfd3294b0a,64067c58-b338-48a4-85e4-99a236b0af21,1099449.202653135,1099449.4473059748,1099451.0922316988,2282,200,0.24465283984318376,1.6449257240165025
84776a9e-a4e7-434d-9b28-83b97df54d56,53dfe89a-8102-4086-85f9-8feab140d30f,1099449.202655582,1099449.4737231,1099451.097393591,6365,200,0.2710675180424005,1.623670490924269
cbd53aa1-128a-42ba-97bf-69d725e56f9f,38274d58-563a-4896-ae8c-7920e3737a7e,1099450.202684055,1099450.3349402312,1099451.2452890922,2948,104,0.13225617608986795,0.9103488610126078
1ff0080d-48bf-4e90-bd3d-1adec447e91b,3a2ad835-f604-4d73-8e3d-7ad4422a62af,1099449.202647087,1099449.470854881,1099451.596802557,1967,200,0.2682077940553427,2.125947675900534
37b25fbe-a5ae-4160-9afd-a16d7459d0a2,15fbccdc-7622-4cd8-b468-066ca318efea,1099449.202650478,1099449.6547000853,1099451.6610181932,6428,200,0.4520496071781963,2.0063181079458445
42b0d4a2-27ba-49ca-96af-ef68f9ba5e0a,3bbe86ed-d7cf-4231-9539-29db62dc29f1,1099450.202699757,1099450.275872435,1099452.332986187,1602,200,0.07317267800681293,2.0571137520018965
e23117f1-e73a-4dc5-a34f-8ececf902bba,2037bbec-75b9-4e8f-87e8-d8c9c46bc90e,1099451.202733195,1099451.2357342748,1099453.0449328758,581,200,0.033001079922541976,1.8091986009385437
3b3cff35-87df-4c35-8782-2bc3e2000556,a01a588e-0e69-4843-8757-f643c8278dcd,1099450.202696458,1099450.674196801,1099453.054721569,4570,200,0.47150034294463694,2.3805247680284083
5daa050c-ee27-4fa8-b544-c0e5aa4466ca,e5f863e9-3a7b-4d7a-bdd2-60bc8ad6448d,1099452.203491194,1099452.619058989,1099453.12108781,5910,44,0.4155677950475365,0.5020288210362196
0204111f-71ba-4dc0-9d18-764565eb169b,851ec4df-1273-45c0-a684-cb6d2d9ada81,1099452.203512337,1099452.432090318,1099454.121115712,4842,200,0.22857798100449145,1.6890253939200193
71bf66ec-2a80-444a-923f-3f280389cd8b,420cc219-d4c9-4156-b463-edb91ecbe2ab,1099452.2035047,1099452.3721604461,1099454.1604972961,3479,200,0.16865574615076184,1.7883368500042707
7a3a55e1-6380-4a6e-92f0-fb3bed2e41c4,c5e80430-d231-4b4b-ba36-b8fdc718933a,1099452.203509157,1099452.322407341,1099454.167463378,2626,200,0.11889818403869867,1.845056036952883
38fcf9b4-2409-49a1-b12e-d7b32d3b6398,4895017a-ac7e-4f78-a8c4-c0efe3579875,1099453.202889044,1099453.69509891,1099454.656803191,6284,90,0.49220986594446003,0.9617042809259146
008d6c2e-5a33-41b6-8196-8c3f2157ea65,c30e276d-8033-4f76-b020-246b61ba8266,1099453.202905128,1099453.3237055389,1099455.118253687,1771,200,0.12080041086301208,1.7945481480564922
a1422ca8-c94a-47f1-9691-eec664308ed1,e89d00a2-aef6-4faf-a8f6-58052acdc0b2,1099453.20291016,1099453.483339739,1099455.458654988,6345,200,0.2804295790847391,1.9753152490593493
ed14706d-e7c9-46de-a60c-c90758a851ba,fff8b79f-fa34-4f2e-850b-d97f41738cf7,1099455.202848335,1099455.243556719,1099456.514007441,545,123,0.04070838401094079,1.2704507219605148
f91401c7-0f56-49d2-8e7e-36d35ad43011,0720d418-cea1-444a-ae1e-13838ad0a323,1099454.202951703,1099454.282388439,1099456.5129626559,1588,200,0.07943673594854772,2.2305742169264704
56add562-06e8-4a03-805b-7bc2f97385c4,f8ab9d2b-deca-482c-8981-3b28f5058d06,1099454.202936026,1099454.5088299331,1099456.514138346,4813,170,0.305893907090649,2.0053084129467607
42e10bef-5d89-44e8-9d1d-ac1fb2db44a4,9e3c8867-59dc-4f49-8675-cc60714855dc,1099455.202875022,1099455.4910820911,1099456.598116471,3691,111,0.2882070690393448,1.1070343798492104
2ce81763-1f6f-44d4-9ecc-5dc4f309a5d6,e88b1149-8f9c-4867-9db5-96d87443c927,1099454.202956809,1099454.438355992,1099456.733854783,3696,200,0.23539918311871588,2.295498790917918
d68f21af-d9f3-4178-b378-3262e9d2d7f4,3fad36b5-6bb3-4dd2-b7e5-7ce7e5787a0f,1099455.202868302,1099455.4382617348,1099457.3978461188,2686,200,0.23539343290030956,1.9595843839924783
7a8c4d76-3cfe-4953-8b5b-f9b62e9054bd,cf7e77af-4024-47fb-97ee-71ec78b11b82,1099455.202871744,1099455.519383833,1099457.588487839,4641,200,0.31651208898983896,2.069104006048292
e2470165-4206-4855-84f0-c5da3fba259f,3cacc107-dca1-4afb-b1b9-2f813f74eb3e,1099455.202863934,1099455.680118286,1099457.83193429,6105,200,0.4772543520666659,2.1518160039559007
bb426911-f26e-4cff-9d27-f64b896259cd,e5f01142-a764-4c98-99a0-2f3f3a2ca72e,1099456.20273921,1099456.4950365403,1099458.0844459431,3708,200,0.2922973302192986,1.5894094028044492
a278480c-af58-4d95-931e-3c1c19039f94,09329235-b77c-4c42-adf4-ff1827d1d710,1099456.202735955,1099456.507460502,1099458.133931093,6272,200,0.30472454708069563,1.626470590941608
e84a2d81-3c08-4f9b-b538-94451f2a9797,ca330d28-a7ef-4a25-a6cc-51578e715514,1099455.202877925,1099455.561012824,1099458.151674883,6024,200,0.35813489905558527,2.5906620589084923
cdfe4fd4-95dc-4b50-980f-f431eabf9495,3b426e11-6474-4ca6-8e48-9e80b18cd736,1099456.202741472,1099456.5081686738,1099458.3027370279,6209,200,0.3054272017907351,1.794568354031071
b8ee4689-b72c-45e1-b6bb-235819671071,7723dc1d-0386-43ac-af6d-ef2def14688b,1099456.20272413,1099456.4970355649,1099458.4834639628,5045,200,0.2943114349618554,1.9864283979404718
f6326bb0-3ecf-464c-8e53-041623e2d584,47655980-12c4-4dd9-9ee0-ecc634eaf4db,1099457.203005656,1099457.388911825,1099459.062279421,2002,200,0.18590616900473833,1.6733675959985703
66404eb6-4c67-4da1-aa0b-a1d2f49b9bed,384c381c-9e43-46bc-ae6e-f423ed8194ee,1099457.203020214,1099457.680149825,1099459.064280376,6078,132,0.47712961095385253,1.3841305510140955
8a31d804-46c1-41f4-b4fc-7dd29d72083d,b41b2727-9d24-424d-bb37-13c4628f0722,1099457.203028915,1099457.2602613762,1099459.2410830571,686,200,0.05723246117122471,1.980821680976078
1c9c1dff-446c-4b68-9ed8-85d1672c80f7,8162980e-e365-418d-87c3-2d53058fb7f2,1099457.203025317,1099457.511613602,1099459.643088914,6220,200,0.30858828499913216,2.1314753119368106
dd87899d-78b0-4503-a336-0a485a512319,3843b2c1-db08-4327-bab6-6c5f8f1d4ce6,1099458.202904934,1099458.338667789,1099459.832481353,2874,117,0.13576285494491458,1.493813564069569
37924e91-f5e5-4523-b9c4-0d76487d8ea6,dc01cdfe-5594-4022-adeb-04dcc93573b5,1099457.203032622,1099457.718124381,1099460.1486178,6478,200,0.5150917589198798,2.430493419058621
7dd7a3e6-f283-4581-ac0e-8d47505c53c9,f27570f5-c473-4259-ba07-f87fff5089de,1099458.202935373,1099458.323231587,1099460.47472428,2556,200,0.12029621400870383,2.1514926929958165
4a0a3302-36c4-4ff3-b472-2244dcb5069b,d6c6ecce-7613-4cc5-89c7-46de6050a111,1099458.2029251,1099458.3014718269,1099460.6426778908,1367,200,0.09854672686196864,2.3412060639820993
459a09bc-95e1-4940-bb88-03fbb68005fa,5897c4fb-ed7e-4ecc-9fe7-58fb12322c05,1099458.202932787,1099458.471676027,1099460.6934121249,2287,200,0.2687432400416583,2.221736097941175
790bb88a-a164-4401-90a1-55c8e9b7b43c,dd2b277d-7320-4529-bb10-09e0e4b25d8f,1099458.202929793,1099458.650402129,1099460.697900063,6239,200,0.44747233600355685,2.0474979339633137
7dfaa896-2d9a-4b2b-ba42-f957343da967,f770f11c-09f2-44dd-90f9-95c49f8ca462,1099458.202937642,1099458.6532429561,1099460.9658560893,6135,200,0.4503053140360862,2.3126131331082433
513854fb-45f2-44c8-b550-c4285a415b3b,ac793620-cf14-4d0b-85c9-285d6602176f,1099460.20293637,1099460.621794188,1099461.1671208048,5844,52,0.4188578180037439,0.5453266168478876
3874278b-41f2-42d4-b9d1-b4bef7bbe906,a0b65a6d-aea0-4f9f-8b88-9eb0305f5ba2,1099459.202901997,1099459.3914300739,1099461.371315899,1148,167,0.18852807697840035,1.9798858251888305
7d156997-01cb-4f86-a0b2-1e3467b34cdb,4a17875a-e531-4b80-9445-8085b9f91958,1099459.202904836,1099459.30251372,1099461.3742863399,711,200,0.09960888396017253,2.071772619849071
7590fb27-4699-4b53-986c-c0c9ad003f00,e6243e0e-ad1e-4a16-879e-261b38fae842,1099459.2028898,1099459.65208285,1099461.53849638,6072,200,0.44919304992072284,1.8864135299809277
3d33fa0c-731b-4808-987f-02b5ab9b58ca,94ba9780-3dd2-4cca-af8d-6f5168719d51,1099459.202899139,1099459.9206048758,1099461.6481737609,6336,177,0.7177057368680835,1.7275688850786537
732e5c4b-61bf-4eb1-841e-c87dbc65c236,877121a2-d463-439c-b94c-fd32b229cbe1,1099459.20288501,1099459.3946743791,1099461.6724211732,1869,200,0.19178936909884214,2.277746794046834
008ef3ba-206a-45ee-934b-2972fdb69501,0be4320b-01bc-4621-8810-cea97dbe5f9b,1099459.202871499,1099459.6655114237,1099461.7522202288,6426,200,0.46263992483727634,2.0867088050581515
33efe50a-1f21-469a-bd3c-e562129c4efe,799c1417-591d-41ce-b052-4d152da895db,1099459.202896323,1099459.752779317,1099461.7891478043,6184,200,0.5498829940333962,2.036368487169966
96398622-0b97-4e20-8759-e5cb4ae010f8,b0594558-6a45-4cc7-8ce5-4cd5711309a7,1099459.202893338,1099459.4097993718,1099461.814442596,4224,200,0.2069060339126736,2.4046432240866125
046109c1-ffbf-43f3-b119-1c3acd15e3b2,382d0f3d-f502-4978-bd5e-4ae76f6b8225,1099460.202924976,1099460.3609432469,1099462.1763987339,3053,200,0.15801827097311616,1.815455486997962
46e73627-a522-4777-8375-0b20a09cc52d,0bfead47-2d50-4cc0-903b-b629a345cfd7,1099460.202940031,1099460.3225642731,1099462.1819852241,2509,200,0.11962424218654633,1.8594209509901702
3ff81297-8c65-45f3-a2c8-b6243c81adf9,2e90c9d3-0cc0-431a-a190-712898af6e66,1099462.202604964,1099462.613106555,1099462.793527871,6491,22,0.4105015911627561,0.18042131583206356
8885c2f8-3fa6-4651-91c6-d84d62f68e57,2d3d4654-4672-47a0-8065-8167b1e24cd1,1099462.202588916,1099462.376132026,1099463.059608367,3278,71,0.173543110024184,0.683476340956986
9ca7cf7b-0993-4db3-846c-b06c6c4954b8,5f19ba86-19af-4239-a7f9-b0bdc619d45b,1099461.20253975,1099461.296804017,1099463.105660846,2003,200,0.09426426701247692,1.8088568290695548
a4c87393-1b89-447a-8602-ae163144b159,5b7afdee-bc23-4cea-8c95-ee1786504a83,1099461.202543175,1099461.4400429341,1099463.2330772402,5319,200,0.23749975906684995,1.7930343060288578
c5acd26e-cab9-4516-a665-02085ee49f02,51d7988b-eec2-45b2-8f76-0f1e4c5c4383,1099461.202518505,1099461.585316363,1099463.403341824,5289,175,0.38279785797931254,1.8180254609324038
2037c08e-f54e-4326-b454-0c6e76ccbb8b,f3c7b4af-4cc8-4b3c-8d1a-85880e5521c2,1099461.20254527,1099461.338902495,1099463.4782812512,2836,200,0.13635722501203418,2.139378756051883
86a793df-fa6c-4ed2-90ad-3caaba2045c9,096a4697-f7cb-4f5c-b6d1-1914d4e664cd,1099462.202599415,1099462.3427143393,1099464.1864526032,1533,200,0.1401149241719395,1.843738263938576
25699e5e-6d36-4831-995b-a2c8859c6f96,08fb65a4-a7ff-4ed3-8715-ab206f240a59,1099462.202575148,1099462.30240982,1099464.2306278879,719,200,0.09983467194251716,1.9282180678565055
9f8fc6c8-5960-4465-8329-1a163b199d08,6987934b-c3f2-4c6f-a780-181ddb9846a7,1099462.202593386,1099462.273793114,1099464.231935829,722,200,0.07119972794316709,1.9581427150405943
849e1a71-a0fe-4b62-a254-5b9858e78b91,f59505d6-2c8a-4269-b06b-4a09a34c57e0,1099462.202602107,1099462.5402079932,1099464.3438220262,5839,200,0.33760588616132736,1.80361403292045
f05dafe6-88f2-417d-82f0-343102cef128,c9558e45-2a86-403d-85c0-a9d29a0abf12,1099462.202596293,1099462.5335783272,1099464.5016879812,6409,200,0.33098203409463167,1.9681096540298313
d724f121-7bb3-4c83-9877-7f6856cc9d25,624225ef-629e-463c-88fa-426505dea49e,1099462.202607887,1099462.698696889,1099464.649160104,6355,200,0.49608900188468397,1.9504632151219994
188b4cfb-1d49-4862-92af-ddaf5c582c5a,d24c0cc3-a163-4cd4-9cf2-de41d5c96f4a,1099464.203003804,1099464.41204583,1099464.847462571,3035,26,0.2090420259628445,0.43541674106381834
d6aab4b4-2554-496f-9cef-3ae5e6d5b75f,c49def02-d591-4de2-b5b8-5d6d36f9f1a4,1099464.20301759,1099464.6490843962,1099465.219672894,3535,62,0.4460668060928583,0.5705884979106486
59d9396d-17db-46ab-affe-3c729807e6cd,625b3d00-628e-41f1-9a81-62cb5c7be991,1099463.202990648,1099463.41637839,1099465.37772361,4754,200,0.21338774194009602,1.9613452199846506
f75689c8-2207-42fb-b68d-e8f9532b0d96,d0e91c45-b812-4570-8897-580d82fac103,1099463.202974457,1099463.478924968,1099465.906612391,6170,200,0.2759505109861493,2.427687422838062
088d9551-2e46-4410-9d43-05ff3701f24f,6898d6f2-8e46-4f07-87d2-63452e09f5c6,1099463.202994409,1099463.6681741818,1099466.0939792169,6324,200,0.46517977281473577,2.425805035047233
8113e60f-e418-4fa6-a7b7-0b0a0ed630d0,5f121c84-8232-44fe-909c-9a69fa9fdc9b,1099464.203015482,1099464.404015103,1099466.125105732,3781,200,0.20099962083622813,1.721090628998354
bf8cd491-b76f-4b60-a904-12fd0ad01418,a91786b9-b70a-4ba9-93a3-3c49e7f6ffc5,1099464.203013075,1099464.525325968,1099466.635373381,6356,200,0.32231289288029075,2.1100474130362272
2b7f2db9-b530-4bbc-949e-67385f7f4044,2204b36f-ca0b-4da9-b583-476d2b2d954f,1099464.203009753,1099464.351618569,1099466.778184955,2805,200,0.1486088160891086,2.4265663858968765
888cd812-21db-486b-8868-f334992f8032,50cb1f3a-c995-4191-a881-615aad112039,1099464.202991943,1099464.462688323,1099466.839896761,4006,200,0.2596963800024241,2.3772084380034357
6deea5db-9957-41c3-8f51-1089180bb8e9,2eef5030-8e4f-48f7-87c0-c4672c479dbb,1099464.20300736,1099464.7487832368,1099466.939033296,6556,200,0.5457758768461645,2.1902500591240823
c6a0d705-1ad2-4f47-bc41-a82aa2153b40,28372a1f-07f7-48a6-8cc7-9fa100b2f8a5,1099465.20316515,1099465.2912463811,1099467.706180534,1256,200,0.08808123110793531,2.4149341529700905
d3b020cf-c452-40e5-bdea-9dc47045cadd,c5c63911-9805-4346-a627-b123c84bf691,1099467.202623675,1099467.4951299902,1099467.7376655082,6110,29,0.2925063150469214,0.24253551801666617
3e789bd1-d74b-4d2d-9d54-664305d255cf,3df895ed-3731-4a8d-b4ab-71cc1de11695,1099466.203366342,1099466.3678207921,1099468.238004307,3201,200,0.1644544501323253,1.8701835148967803
6e555b0c-eb15-4ae9-8c8e-2003939c3735,fce3ea11-79d5-4728-b7be-60d043fccec8,1099466.203393406,1099466.2634234822,1099468.2755771822,580,200,0.06003007618710399,2.012153699994087
72a3666c-3f1d-4349-b236-a800864aaf1e,1bf26568-c5c1-4e78-8ba0-796957c5b747,1099466.203386339,1099466.3206365348,1099468.5210643248,2001,200,0.11725019593723118,2.2004277899395674
9649e2b4-b832-4f5f-9119-074a6492df9f,f1c9a465-31b9-4ab6-ae78-59df434e4f7e,1099466.203390129,1099466.5988704448,1099468.531013421,6409,200,0.3954803158994764,1.932142976205796
b9aeb033-ee0a-47e4-9cd2-1ad65a707362,eb8d5825-451b-48b5-839c-bd3f2e385b6a,1099468.203196933,1099468.529200768,1099468.826529655,6172,19,0.32600383507087827,0.2973288868088275
bda08a69-502c-4691-b86c-6e5d8046c2d5,eee60849-6a21-4615-8b42-be632d4dfff0,1099467.202635237,1099467.5491648351,1099468.889601415,6396,165,0.34652959811501205,1.3404365798924118
8a5ab1bc-fe70-445b-8709-1ef76bd8eaf8,01580029-b853-4a73-96e9-198754e7c6cf,1099466.203380816,1099466.6467380598,1099468.995362863,6379,200,0.44335724390111864,2.3486248031258583
da1a2d35-3ea9-4a2a-9aa1-cf946c10aa6e,394d1f48-5ed2-4b48-bbcd-f72d5f1a36aa,1099467.202641663,1099467.423068755,1099469.658774267,4407,200,0.22042709216475487,2.2357055118773133
fba9a8ad-bebc-4089-8807-6f05826d399c,b654d5e6-e3eb-4dbc-aa01-60dee8fba52e,1099468.203192883,1099468.446588169,1099469.753844153,2957,112,0.24339528614655137,1.3072559838183224
48470678-83e5-4b62-b98d-d799c808c8b3,bba30c2c-2f5f-43ba-8618-041c52204c6e,1099467.20263891,1099467.806869855,1099469.821049295,6436,200,0.6042309449985623,2.0141794399823993
8e67ada7-d940-4909-8b7d-bc786f105956,d58f6a04-6c49-4da0-97a2-a89a8f9c9ac4,1099468.203179075,1099468.3668641387,1099470.613466627,2658,200,0.16368506383150816,2.2466024882160127
b5e6524f-ce53-4a96-9619-a2bde332d7d8,01524993-21d4-4d2d-a5d5-91a5663d91e2,1099468.203199914,1099468.498825354,1099471.0178286028,6073,200,0.2956254400778562,2.5190032487735152
c99c8890-69b7-4f67-aa64-23daf967ba43,7512566d-1690-445a-a19d-ecf10aebe311,1099469.202827038,1099469.302979473,1099471.161414959,2030,200,0.10015243501402438,1.8584354859776795
77e19e78-d1be-45f5-acfa-f6b93b1e78de,f6953b7d-3280-49a8-b2d0-71adc79f73c4,1099469.202810296,1099469.2833273332,1099471.4398188181,890,200,0.08051703707315028,2.1564914849586785
b295f655-67fa-42e0-80f4-d23d47180210,edf00561-d5fd-43db-891d-a57747fab3fc,1099469.20282335,1099469.468645972,1099471.572523531,6094,200,0.26582262199372053,2.1038775590714067
6a297bfc-9e10-4162-847a-2b16b52c9c23,c174f84e-239e-4505-9877-710ea1e1aa00,1099470.203013422,1099470.5093379652,1099472.5276788021,5817,200,0.3063245431985706,2.018340836977586
0e31a927-a743-416b-9fc8-2fbf11a2a469,c6afdc8e-36fd-4e34-8ecf-f11068eb0a68,1099470.203028902,1099470.353393553,1099472.6097271,3002,200,0.1503646511118859,2.256333546945825
7e8a343f-9f60-427e-9218-857207200dc5,12aae71a-3e0d-4bf5-90fb-76d1a7c353ae,1099470.203025225,1099470.4688826671,1099472.9278691881,5685,200,0.2658574420493096,2.4589865210000426
209b8701-3fcc-4bf7-ac9c-206faef18232,f03ca7fa-09aa-4004-b367-5961d5e8fd61,1099471.203222538,1099471.236982926,1099473.0952771942,378,200,0.03376038791611791,1.8582942681387067
58fb82e1-5f4e-4977-a856-19715ca8d4f2,c860f63b-d069-45d2-b9b7-85e22763a0ef,1099471.203204406,1099471.3098886479,1099473.325629738,1888,200,0.10668424190953374,2.0157410900574178
d7791390-7fa6-449a-9677-ebe147f0883c,1b9a9d23-b8bb-46cd-9160-92cef50441e7,1099471.203229204,1099471.263989152,1099473.590082005,686,200,0.060759947868064046,2.326092852978036
3e927ec6-90a8-4db3-b460-17c690dcc436,2aacea92-7898-4f60-9526-e7a073521d56,1099471.203234421,1099471.683462956,1099473.628636842,6919,200,0.480228534899652,1.9451738859061152
dc781b5f-2aad-4bf8-8b56-cf19593d055c,89cf2e96-a828-4fa8-862d-c0d888d66892,1099474.203078876,1099474.4051334548,1099474.659277414,3904,27,0.20205457881093025,0.25414395914413035
fea0a026-e898-4f13-b379-cb3200191f70,5dd975b0-30ab-46b6-96e0-39b315e33c7d,1099473.202906374,1099473.4652713228,1099475.7474744888,5786,200,0.2623649488668889,2.282203166047111
01f52689-9078-4d47-93d9-9e5706240b13,5fcd7bbd-da7e-4afa-95ef-18c316df5c14,1099473.202909077,1099473.722042867,1099475.767991453,6368,200,0.5191337899304926,2.045948585961014
24fb0868-75e5-4398-8963-40709bc0b363,abc0c6cc-0bfe-4666-83e8-64b03ca4efa9,1099473.202902786,1099473.5023669389,1099475.8203921488,3645,200,0.2994641528930515,2.31802520994097
d2745c7c-2a63-49d4-a3bd-59b01b99ace3,a2aca4a9-9726-4bfb-b5e8-9e7eb3967010,1099473.202890172,1099473.799292682,1099475.9423739659,5177,200,0.5964025100693107,2.143081283895299
d78fccdb-3e5b-4c8b-b913-569f041fbafe,e5f863e9-3a7b-4d7a-bdd2-60bc8ad6448d,1099473.202911386,1099474.014725859,1099476.068513524,5910,200,0.8118144730105996,2.053787664975971
35ee5946-348c-44ca-8149-24b578a297ff,3b7c403d-40f0-4f74-94ce-06002da1dce2,1099474.203057454,1099474.284980781,1099476.849175196,949,200,0.0819233269430697,2.5641944149974734
fb842546-5023-4536-add4-f8a5ae45048f,13c8030e-be08-44bc-b1d5-1304416e7a6e,1099474.203073969,1099474.445970583,1099476.861138341,5800,200,0.24289661389775574,2.415167758008465
ff431145-d3a2-401d-bd9e-a8859786ffee,d2c2b97f-4db4-4109-bf39-ed62c93134b4,1099474.203082754,1099474.353066581,1099477.054600052,627,200,0.14998382702469826,2.701533471001312
67073cb7-c112-4933-a9ea-6db77612717c,b08a97a6-f8e0-4014-92ec-ad1af8ba590e,1099475.20295895,1099475.501248845,1099477.6762163169,6456,200,0.2982898948248476,2.174967471975833
0c8e8d2c-c241-48dd-ae18-2d184d318032,61d2cc25-f200-4e8a-840f-e9470e432353,1099475.202954871,1099475.819845961,1099477.961510605,6171,200,0.6168910898268223,2.141664644004777
5448d5d2-b5f3-4014-97ad-934653d37beb,97e65553-6ec9-44f6-b7dc-aa1fa5954746,1099476.203034852,1099476.303898613,1099478.114435657,1164,200,0.10086376103572547,1.8105370439589024
c1a40c4b-2b82-4e88-8468-589fd44d5177,a4f8e498-bdbe-4f0b-a1e1-8b71d9e4a707,1099475.202940348,1099475.750263574,1099478.170017436,6481,200,0.5473232259973884,2.4197538618464023
2373715c-1fcf-4d02-a228-32a89a0b227f,204273a2-855e-4d3f-a888-b616d96af04b,1099476.203038544,1099476.3094607568,1099478.2390759038,1844,200,0.10642221290618181,1.929615146946162
987d1157-e5ec-481c-a636-b7c28822d8bd,b9128bf0-2636-4290-afce-cc0c01a9a3d0,1099476.203022981,1099476.530154955,1099478.8704678302,5801,200,0.32713197404518723,2.3403128751087934
fa7ab868-ceed-4117-b2fb-12523ee4b3fd,5897c4fb-ed7e-4ecc-9fe7-58fb12322c05,1099477.203609396,1099477.3192406138,1099479.439076876,2287,200,0.11563121783547103,2.1198362621944398
7cbe95a2-bda0-4c70-a48a-3412aab351d5,4e369fef-7293-491e-9edd-8fec038576e2,1099477.203612643,1099477.530972588,1099479.5074264642,5185,200,0.32735994504764676,1.9764538761228323
98d1ace2-91b7-48f6-b8b1-1c5e95da929e,a49d24aa-32c1-4fd9-8039-e95dd8e8abd7,1099477.203597706,1099477.577195702,1099479.687677986,5870,200,0.3735979958437383,2.1104822841007262
75295a41-4fc0-4eea-b543-f441a6410c50,c05c0df3-80d9-442f-a144-81fd355df20d,1099478.202950418,1099478.308666183,1099480.180201729,1598,200,0.10571576491929591,1.8715355461463332
689b9e26-3798-4fc5-a20e-af3e591f5e1c,8094c720-081f-4a98-aca9-d83abaec4c87,1099478.202959241,1099478.3822058241,1099480.5943859632,3077,200,0.17924658302217722,2.212180139031261
25b6240a-aff3-4c26-9a2c-52c82c5e9e0a,2b648323-c36f-4d40-a568-1b308a23e4fb,1099478.202916034,1099478.2751222672,1099480.816667632,848,200,0.07220623316243291,2.541545364772901
9e3e3560-5224-4dc8-b40d-b0b79db7b5a8,cf3db011-98a5-4583-9d91-eb16b37b5740,1099478.202941816,1099478.3351331332,1099480.8507970911,1938,200,0.13219131715595722,2.515663957921788
9e47e55e-ff0b-4e91-a2f4-67f16a4369ce,182e146a-f05f-4c8c-927f-b75bc2b1ea10,1099478.202954738,1099478.731497319,1099480.862143948,6165,200,0.5285425810143352,2.1306466290261596
36b3930f-3754-4d40-a2ec-a18490357475,2c6e08f1-87b6-450e-a518-3a26ca1469a8,1099478.202946226,1099478.629938146,1099481.54835021,5379,200,0.42699191998690367,2.918412063969299
8730f340-4bad-4fae-ac1a-3d029cc328ba,9c107b6c-4101-42aa-9de6-3ff87c671de9,1099478.202931608,1099478.666069339,1099481.5663905002,6457,200,0.4631377309560776,2.900321161141619
ee26211b-663f-4498-af97-8c2605033d48,5363cb6c-edd6-43d7-9a0e-58df46053aa0,1099478.202937404,1099478.894928731,1099481.689550203,6208,200,0.6919913270976394,2.7946214720141143
fa1bcaf6-3d87-45e0-b8c0-fa5061c3c578,e6b5aa5a-f8c4-40a5-83af-81b226cb08c3,1099479.203289352,1099479.8750953388,1099482.1493094328,6098,200,0.6718059869017452,2.2742140940390527
b7beffb4-eec0-4376-96b6-1f6dd08e7e2e,90d228aa-55a6-47fd-8f46-cd871d180b10,1099479.203323932,1099480.16955133,1099482.4571810039,6487,200,0.9662273980211467,2.287629673955962
d27ead8a-d924-463d-8f57-14745ae700a0,30910795-649d-4c33-afd7-634035edf721,1099480.202989556,1099480.281807279,1099482.494570574,768,200,0.0788177230861038,2.21276329504326
115270a4-ef74-4e92-a639-b730168e5c9f,2037bbec-75b9-4e8f-87e8-d8c9c46bc90e,1099480.202972138,1099480.244808432,1099482.618744713,581,197,0.0418362938798964,2.3739362810738385
602862a3-7e56-47ad-8320-4994574ca809,3cba0bbe-0d61-4be6-8be5-4585a5068a33,1099480.202984039,1099480.5132735039,1099482.628946994,4769,200,0.3102894648909569,2.1156734901014715
f6c910f4-9f1d-4abf-904f-dd6f5c45b176,583cbfc9-7618-498d-864b-dd180e9fa774,1099480.202987102,1099480.6477636322,1099482.8050860881,7037,200,0.44477653014473617,2.1573224558960646
b7703db9-d752-4451-8833-58fdc7c74e2d,21d6c7bf-0824-4d6c-ae87-342ca4d3bf10,1099480.202991822,1099480.540780497,1099483.081782883,5861,200,0.337788674980402,2.541002386016771
6fb149ed-f9b6-461f-9eee-12eec4ddd8ea,3fad36b5-6bb3-4dd2-b7e5-7ce7e5787a0f,1099481.203372962,1099481.332584876,1099483.419335714,2685,200,0.12921191402710974,2.0867508379742503
39c6549a-4451-477c-9208-c21b80f49f39,8430f359-c0da-41c2-8c0a-99afadae6c25,1099482.202605267,1099482.5221011192,1099484.663988087,6295,200,0.3194958521053195,2.1418869679328054
5ba9d3a1-41ee-4646-85b1-73a75541f4a8,4bd80eaf-8b5c-4491-b357-aa692e0a7926,1099482.202601214,1099482.4553791438,1099484.7095058027,5242,200,0.25277792988345027,2.2541266588959843
d8ad441f-937d-4cef-8f6a-1620888493c7,451863a8-c37a-4460-987d-185a07fcf9bd,1099482.202587032,1099482.5563557,1099485.0466523638,6556,200,0.3537686679046601,2.490296663949266
3619765f-fe8e-41a6-b93d-b5994f5d1bc2,86d09864-dcbe-4969-a05a-452e67900a33,1099483.202638662,1099483.2918342869,1099485.059352847,1268,200,0.08919562492519617,1.7675185601692647
65ffecf5-7f24-4cee-ab0e-2122bda33136,a2f0e4f8-0472-4ab5-ae87-c77e28e82d50,1099484.203013595,1099484.6550703181,1099485.2113394341,5514,70,0.4520567231811583,0.5562691160012037
712fce03-ee87-4653-8e54-e7f7334a66b3,a66219a5-0bf0-499e-8da4-6217f9feef08,1099483.202653076,1099483.323349275,1099485.706539246,2201,194,0.12069619889371097,2.3831899710930884
860c94c3-a53b-4ed9-834b-4459679cae53,8bc1d85d-66d2-48b7-917b-be06c71c487b,1099483.20266101,1099483.360862125,1099485.8110084038,520,200,0.15820111497305334,2.450146278832108
6e8b55e3-7f85-483f-9819-ada6f0f5881b,2d3d4654-4672-47a0-8065-8167b1e24cd1,1099485.203170008,1099485.394253165,1099485.826989776,3259,33,0.19108315696939826,0.43273661099374294
5f6583eb-467f-4980-9f7f-3074b5ec1c21,46bf7e07-8121-40ed-8854-6f622d8117c7,1099483.202657335,1099483.561087642,1099485.937842896,6315,200,0.3584303071256727,2.3767552538774908
42590758-81c0-4ad1-bb96-8b3c97fde4c7,b87d1b47-75a0-4129-8580-a96e0868928f,1099484.203040835,1099484.465716251,1099486.07540643,6387,196,0.26267541595734656,1.609690179117024
362100f2-8e70-4a4b-b0f1-437ea1e1f2d5,ba06eaa1-f397-4e9c-9c0e-bbfe591545b6,1099484.203036659,1099484.298141888,1099486.663843071,1304,200,0.09510522917844355,2.3657011829782277
55f89062-7b5b-4f30-a381-45178c92b2e4,07f0c3ff-5938-4755-a9a6-43ea470fbb04,1099484.203044654,1099484.502102011,1099487.0616942951,2696,200,0.29905735701322556,2.5595922840293497
05ce6502-5736-4aed-95b6-6815b8b87ecf,966e73e3-01e1-49dd-97cc-3b17b0344882,1099484.203031079,1099484.835460753,1099487.188524063,6220,200,0.6324296740349382,2.353063310030848
23c30471-20e4-4f76-8372-f0caacd612e9,b654d5e6-e3eb-4dbc-aa01-60dee8fba52e,1099485.203172821,1099485.454557726,1099487.518137201,3034,200,0.2513849048409611,2.063579475041479
0c720672-564f-42cc-9a13-189fa90f1b2c,c30e276d-8033-4f76-b020-246b61ba8266,1099485.203179787,1099485.355584528,1099487.5560831141,1941,200,0.15240474115125835,2.2004985860548913
ecb63549-6874-4771-867e-51ab98a86b6e,d99bd3a4-aa98-4081-914d-d5fe46dea9f9,1099485.203158731,1099485.42686679,1099487.628782439,3525,200,0.2237080589402467,2.2019156489986926
5f1aa581-06d5-445a-9605-06d3d82a3a76,d350830f-1917-4e57-b61a-d5974c15409d,1099485.203177629,1099485.495262307,1099487.6432421922,6229,200,0.29208467807620764,2.1479798851069063
40448929-7c2f-45c6-830e-6d4b7f036720,f770f11c-09f2-44dd-90f9-95c49f8ca462,1099485.203181673,1099485.586878099,1099487.7842525041,6264,200,0.3836964259389788,2.1973744051065296
a2fc862c-e273-4c36-9558-03d026fc5f9a,ceefa533-f37a-4408-af9f-4ed7830209c4,1099485.203175295,1099485.526369172,1099487.869457641,6371,200,0.32319387700408697,2.343088469002396
2da829f4-9471-4121-940e-cbd07881340e,c648cdc5-98a2-415a-aa4a-842fb1b3b4b2,1099486.203334639,1099486.278014349,1099487.875523391,676,200,0.07467970997095108,1.5975090418942273
32696619-482b-4312-ba41-f2b81c9707cd,f4288e8a-c8ba-470c-896d-085c2d99d96a,1099486.203349431,1099486.308635654,1099487.905029419,1444,200,0.10528622288256884,1.5963937651831657
547c815b-422e-423a-9806-31add2c0176c,6e3c27dd-0c0d-4ccc-bcea-d823d776b459,1099486.203354584,1099486.285486391,1099488.518444004,1115,200,0.08213180699385703,2.2329576129559427
4f553c1b-7e60-4ae8-9d13-f820a3fdfb81,2de8f2d6-66ab-4a07-90f9-203b01c54d88,1099486.203356721,1099486.493711073,1099488.655974904,6110,200,0.29035435197874904,2.1622638311237097
2016db92-a983-4f2e-aa7a-d99b25771b48,e8cd8757-8340-4c5b-9d26-05f2b0bf23b8,1099486.203352018,1099486.391339059,1099488.9341052691,3453,200,0.18798704096116126,2.542766210157424
3f28db58-726c-4383-89a5-c0d560c17898,38274d58-563a-4896-ae8c-7920e3737a7e,1099488.203812589,1099488.381182093,1099488.9687370758,2953,53,0.17736950400285423,0.5875549828633666
15c22ecd-69f3-488b-8c37-e96e0585b681,e0272631-07dc-4f1b-b5ab-7f974c0e6139,1099486.203345911,1099486.5635507922,1099488.9979691892,5406,200,0.3602048810571432,2.434418397024274
54dbfcad-bbc8-4a66-90b2-34127761881e,54734589-ad56-4716-9ab8-119b99a199fd,1099487.203228128,1099487.3916422818,1099489.6704512949,3825,200,0.18841415387578309,2.278809013077989
e1ea4078-40c2-4893-b86f-eff4dfefea20,69756b9b-d2e4-4a2e-8c02-1fbcee79c27c,1099489.203007007,1099489.418059081,1099489.671695921,4286,18,0.21505207405425608,0.2536368400324136
4d11cbc0-7a06-426e-b64b-e74da1a998e2,92822c32-6058-49fd-aa9c-0152bb38bb78,1099487.20324484,1099487.668310664,1099489.775384931,5939,200,0.46506582386791706,2.1070742669980973
0d00ed04-a022-4058-8fcd-ec0afc29f713,61cd0d78-954f-4cbf-96d6-3321d7ae9f9e,1099487.203241386,1099487.628356986,1099490.090744923,6426,200,0.425115599995479,2.4623879371210933
1d37b6c1-ef95-4276-bdf2-b9a20b5a8a2b,2837df08-d441-40c9-a309-8d7d55e0a257,1099488.203816701,1099488.3811499819,1099490.492438539,3141,200,0.1773332809098065,2.1112885570619255
bc8a5552-3a2f-4650-a9d1-51048d6e3831,2578c165-88d2-4fcf-8239-ee23a11cde02,1099488.203792494,1099488.543996883,1099490.7568242701,6354,200,0.3402043890673667,2.2128273870330304
7f9d0bca-bd9b-4799-9bff-f0375c4d7b8b,52b8d013-981a-41d3-8520-eb23e5010775,1099488.203807489,1099488.555281153,1099490.982419278,6316,200,0.35147366393357515,2.4271381250582635
4a595aac-848c-42a4-b552-8b92bc563cbd,7566167e-bf47-4f1f-b7d0-e3cef448181a,1099489.203019066,1099489.386178148,1099491.136040729,3057,200,0.18315908196382225,1.749862581025809
c316433d-9d45-4016-abc8-8ba000af9541,8c8370f6-4f55-4c2a-874b-2bfe7c831430,1099489.203025788,1099489.355091059,1099491.1858457832,1764,200,0.15206527104601264,1.8307547240983695
bceef884-3cfd-4475-932a-d9ffb79b8be5,d7284dde-c357-4445-b8a8-ac336e3acc3e,1099489.202993091,1099489.513035332,1099491.279357629,5228,200,0.3100422411225736,1.7663222968112677
2e4e3eee-d933-445d-bae6-0c1404b4ac01,ad6e0805-854b-4ad4-b718-81d6c8218f27,1099489.203031134,1099489.485252523,1099491.3131541612,4655,200,0.282221389003098,1.8279016381129622
9f64a10c-3f9f-4226-9360-771f0d1ccb47,a7758bec-806e-4d96-b9cc-e29230be64b1,1099489.203022458,1099489.2903693009,1099491.407596659,1014,200,0.08734684297814965,2.1172273580450565
3ed3054e-48f2-44ab-9cba-575e0f416e9e,26c258a6-5b59-44bd-b849-a28547921f76,1099489.203028486,1099489.6599949312,1099491.6933945771,6437,200,0.4569664450827986,2.0333996459376067
e3c3fa61-ac9e-452a-b39c-bb42b36815d8,25393e40-5018-4c88-bbfc-16af8222a20f,1099489.203015578,1099489.687905193,1099491.7157475739,6454,200,0.4848896150942892,2.027842380804941
e32abf08-ca3a-4078-9677-93bf1026c46c,ca330d28-a7ef-4a25-a6cc-51578e715514,1099489.203011822,1099489.668927714,1099491.8407959528,5946,200,0.465915892040357,2.171868238830939
6ae6f3e9-295a-4b19-943f-e86a402b13d7,e9820e51-e25b-4328-82ab-65a5998fd295,1099490.202650706,1099490.253878487,1099491.964715208,899,200,0.05122778099030256,1.710836720885709
e3d60fb2-5b0c-4694-bed6-3b10b7da8391,ecfeda96-aaed-4a21-964e-cb67a3f8658e,1099491.203451217,1099491.273591222,1099492.949782108,1357,200,0.0701400050893426,1.6761908859480172
783aaf59-0dbc-4cca-9ef3-1b5287c82443,19c30b89-49e6-4785-b4ec-da68e367d4ae,1099490.202662132,1099490.951628981,1099493.063352933,6384,200,0.7489668489433825,2.1117239519953728
4f425d3c-5081-4343-9f94-6736b8ed1434,abc0c6cc-0bfe-4666-83e8-64b03ca4efa9,1099491.203441257,1099491.383740352,1099493.104894195,3638,154,0.18029909511096776,1.7211538429837674
9a4f9885-be4a-42bb-98f1-7de34aee59ac,a89382a8-dc9a-4c53-8dd0-6dea43247d09,1099491.203445438,1099491.3898593672,1099493.2938095871,3171,200,0.18641392909921706,1.9039502199739218
696efec8-2019-42be-883b-b18705b1f3e7,d15044b7-c396-404e-998e-93e71a743f28,1099491.203448505,1099491.3819040088,1099493.4740246278,3686,200,0.17845550389029086,2.0921206190250814
b6ed5bad-0101-4316-80a3-47364f6f7a14,2a1bf603-2bcc-4001-9fbd-8c61855c48e1,1099491.203427103,1099491.6461738911,1099493.6575865801,6888,200,0.4427467880304903,2.011412688996643
e56d68c3-a5f6-4377-9587-385f67d61a56,13990c43-6738-458d-b63c-4d87efe484c9,1099493.202857941,1099493.342135158,1099493.756608073,1995,31,0.13927721697837114,0.4144729149993509
95bd249c-75ea-4de3-9ff3-bb9c2abd82f2,a5fcfe4e-eb51-4ac0-b8bc-d87496e3d9cb,1099493.202845878,1099493.52527443,1099493.80418378,3979,24,0.3224285519681871,0.278909350046888
9c4e0168-8356-48ce-844e-d5c99d3e1a4c,c7558f93-f86c-4355-a7b9-c08b9ddff562,1099493.202864303,1099494.084212092,1099494.417557876,6280,26,0.8813477889634669,0.33334578410722315
6c5b4659-cc6a-46c2-8cf6-37784faf3dd1,ea672ecc-82bf-4d92-96e4-b9c2c87a2418,1099492.202960405,1099492.485330795,1099494.438184422,6148,200,0.2823703899048269,1.952853627037257
14d3eaeb-8dc2-4752-bdf4-1ac3efe89124,c81b4479-e03b-412c-8f50-02eb1cf00d17,1099492.202971226,1099492.2695675232,1099494.679475204,865,200,0.0665962970815599,2.4099076809361577
623cbdd1-b57d-4731-9ea9-731354798dba,c7dd51fb-3966-4c0d-8619-1b4983c7d99b,1099493.202866609,1099493.62727539,1099495.85878188,5046,200,0.42440878110937774,2.2315064899157733
e2438129-4386-4965-a480-2ecd222f6b98,fce3ea11-79d5-4728-b7be-60d043fccec8,1099494.203574719,1099494.232472356,1099495.8634548238,580,200,0.0288976370356977,1.630982467904687
e14755af-7953-4886-a0cb-8d4344e30ea8,96500d09-5659-4d3a-ad06-9b5daa47acd1,1099493.202861369,1099493.7652610529,1099495.903613142,3202,200,0.5623996839858592,2.1383520890958607
eb59ff6e-d0e5-4025-abca-fba997d9247b,5f19ba86-19af-4239-a7f9-b0bdc619d45b,1099494.203560402,1099494.296060571,1099496.153281154,2003,200,0.09250016906298697,1.8572205831296742
e0cb61b2-b9bc-436b-a2c6-ac99cc57a297,ba02e545-eecd-490c-8274-c4a5f6d03e12,1099495.202836252,1099495.4631952143,1099497.4208997411,6472,200,0.26035896223038435,1.9577045268379152
e099a102-ca79-45c7-85c3-f3e0e9fdc2fd,6f24de9e-e2e5-4fb2-945a-f020e5f99868,1099495.202852201,1099495.652390685,1099497.801303874,6076,200,0.44953848398290575,2.1489131890702993
cb051076-a805-461a-91e9-14300596c224,166a2dc5-002f-4a10-b639-bb2203757854,1099497.20340836,1099497.2968577642,1099497.880436283,1347,48,0.09344940423034132,0.5835785188246518
737020c4-2741-4a25-a285-ec70ae8ecc72,e89d00a2-aef6-4faf-a8f6-58052acdc0b2,1099496.203026758,1099496.5016301852,1099498.04559206,6296,200,0.29860342713072896,1.5439618749078363
1a9e80dc-8d13-4dd8-be0e-10c001437f07,e88b1149-8f9c-4867-9db5-96d87443c927,1099497.203423995,1099497.380919462,1099498.171146177,3990,92,0.17749546701088548,0.7902267149183899
7e5df143-5a46-485c-bf60-f987122210b3,67758644-12b8-4d98-b640-a9e8ac069351,1099497.203428387,1099497.251489929,1099499.2001825029,726,200,0.04806154198013246,1.9486925739329308
053d5737-dd8c-466d-9055-a9ba09a80e49,d6c6ecce-7613-4cc5-89c7-46de6050a111,1099498.203609658,1099498.2817396398,1099500.195645067,1367,200,0.07812998187728226,1.9139054270926863
1ec8d4b8-68b2-42e5-bf88-130378fe33dd,fcb88fe2-d0b6-4d92-9a74-02f356f66885,1099498.203598026,1099498.500310767,1099500.2813723958,6392,179,0.29671274102292955,1.7810616288334131
82c2fd48-bc34-4277-8796-656f6ab0ec87,d0e91c45-b812-4570-8897-580d82fac103,1099498.203604631,1099498.506379753,1099500.2924525759,6176,200,0.30277512199245393,1.7860728229861706
2da612bd-7f59-4023-a57a-6b015d4c68c1,f3c7b4af-4cc8-4b3c-8d1a-85880e5521c2,1099498.203578853,1099498.364411456,1099500.403032738,3096,200,0.16083260299637914,2.038621281972155
8358a6cc-aeb1-4364-9830-b55e4630992e,c7344d02-17ce-4505-8d92-ada61240d9c1,1099500.202513513,1099500.398392923,1099500.633040014,3644,18,0.19587941002100706,0.23464709101244807
6340cbeb-ea24-4942-8b1e-05e4c8ea8126,edf00561-d5fd-43db-891d-a57747fab3fc,1099500.202528068,1099500.467911443,1099500.941773805,6073,59,0.26538337487727404,0.4738623620942235
9ea4c61f-2fdf-41d5-9822-ca6541d63370,dd64c5dd-37ef-465d-8a1c-328942be3ddd,1099498.203613755,1099498.5606455652,1099500.949192632,6472,200,0.3570318100973964,2.3885470668319613
e9429740-893e-4190-9fa1-55fb3e69520c,67051a1d-89a2-4ed0-8ddd-2edca032ecdb,1099499.202791997,1099499.653402345,1099501.559546862,6206,200,0.4506103480234742,1.9061445170082152
c892e6ae-27b5-4c37-93e5-ee79b5a10120,16cd9386-4103-436c-a303-e22753f9f090,1099500.202530698,1099500.443775073,1099502.208340485,921,200,0.24124437500722706,1.7645654121879488
13a7043a-b6a3-4b96-9eff-063b511a734b,ffd0b423-c554-4d30-981b-d5ee5c345c99,1099500.202524341,1099500.605554468,1099502.376769238,5529,200,0.40303012705408037,1.7712147699203342
db14bc40-20e5-4200-97a1-3821fa392aa0,6ecaabe7-f3b0-49e4-af6a-291baaccd94b,1099500.20253533,1099500.3732555693,1099502.3992515912,3645,200,0.17072023916989565,2.025996021926403
22772c92-87e2-4a91-abb8-a136ce2db734,7dffa10a-2db3-48f9-af53-bddccb30f2a3,1099500.202533127,1099500.521980567,1099502.5746470399,6052,200,0.3194474398624152,2.0526664729695767
09c0a307-43cb-469f-8b08-6c5a22e1c5b9,2e90c9d3-0cc0-431a-a190-712898af6e66,1099502.203536925,1099502.739858303,1099502.89210664,6379,18,0.5363213780801743,0.15224833693355322
c78e48b6-e4cb-4468-a475-5f5bd1e3649e,b8dda2fa-28fc-4eb1-802f-fb8defb5784f,1099502.203534391,1099502.301667558,1099502.9078551931,1765,56,0.0981331670191139,0.606187635101378
37b55e55-6503-4d5f-ae45-b7f45f44d34d,b43a54be-56bf-4383-90c8-2237a54a894d,1099501.202769773,1099501.414024827,1099503.410528028,4400,187,0.21125505398958921,1.9965032008476555
20919dc0-8e1e-4f8a-a0ae-a15dd8ef9d3b,54d11fb0-e397-4273-8b83-8a5523a7ebef,1099501.202773452,1099501.4797371312,1099503.423374309,6022,200,0.2769636791199446,1.9436371778137982
3c52fcf3-cb25-42ae-a3dd-ee728dbfd997,af6c4ac0-42de-4e80-9ef0-b8c44f7ca710,1099501.202757824,1099501.367844214,1099503.5163662399,3452,200,0.16508638998493552,2.1485220259055495
b9b93902-a6cd-43be-8206-d5c89eef2dc7,1b9f3c6e-4241-411f-9c01-bd9aebebcbcb,1099501.202779211,1099501.4747026123,1099503.616774829,6131,200,0.27192340116016567,2.142072216840461
14ede940-987a-421e-b61e-babf57b29213,933f3928-c5bd-436c-b052-8afb0bd75fd0,1099501.202776303,1099501.5047849212,1099503.6461679381,4148,200,0.30200861813500524,2.141383016947657
fad15507-3687-4ef9-9e26-b723baa8b38c,54734589-ad56-4716-9ab8-119b99a199fd,1099503.202932356,1099503.5852120419,1099503.983146064,3964,25,0.38227968593128026,0.39793402212671936
75490806-2db6-4867-b820-692f95ab7dba,cfe512ad-3e9b-48f7-9d81-88013e409b56,1099502.203517632,1099502.3663292872,1099504.435871883,2574,200,0.16281165508553386,2.0695425958838314
576efa94-9b6d-4e3e-9274-cc975feff661,7d271e94-b87b-4bd4-a92c-c4216fa6b6ed,1099502.203530856,1099502.408357862,1099504.4502124838,2949,200,0.2048270059749484,2.0418546218425035
268e455e-d61a-4ac9-ace3-df170f94387b,57727da7-a89d-4b07-b497-8a4ae07e2f57,1099502.203541538,1099502.362622205,1099504.752177769,2277,200,0.15908066695556045,2.389555564150214
2a6d4e80-d57d-40a7-9299-ce5248a1f04c,a89382a8-dc9a-4c53-8dd0-6dea43247d09,1099502.203539369,1099502.4194724697,1099504.7913557738,3315,200,0.2159331007860601,2.3718833040911704
96b9bb25-fd75-451f-a25c-0872216f0dd1,5555e6f1-41e9-474b-b230-5cfb010b675a,1099503.202922802,1099503.643840898,1099505.063040451,6293,168,0.4409180961083621,1.4191995528526604
f608f150-7060-4d0f-a178-d2bb6778e59b,15fbccdc-7622-4cd8-b468-066ca318efea,1099503.202928546,1099503.4945702918,1099505.4586160048,6523,173,0.29164174594916403,1.9640457129571587
88028149-4e50-43a7-b291-de21924204c9,b38c19b5-0023-4454-a8f7-71609cc58115,1099503.202903861,1099503.259163232,1099505.461401374,387,200,0.05625937110744417,2.2022381420247257
2cf60eed-c4ea-4936-8479-96b4e5a5956b,2b648323-c36f-4d40-a568-1b308a23e4fb,1099504.203081823,1099504.2502508368,1099506.0530214668,848,200,0.047169013880193233,1.802770629990846
fc68cba1-4f9a-4387-9742-fbfcd7a43150,bff10748-f740-469e-827c-559968f70543,1099506.203253076,1099506.5206479228,1099506.7274184828,4327,16,0.31739484681747854,0.20677056000567973
56480b3a-57c7-43ff-b867-99a082fea201,5f121c84-8232-44fe-909c-9a69fa9fdc9b,1099505.203461543,1099505.636389974,1099506.859948667,3986,102,0.43292843108065426,1.2235586929600686
3eb59340-a847-43e6-884b-8de16317d575,38274d58-563a-4896-ae8c-7920e3737a7e,1099505.203463911,1099505.5820102422,1099507.497586448,2957,200,0.3785463310778141,1.9155762058217078
4d61f5d3-087a-4778-9e35-099855499aaf,654f0516-5ab0-4360-bc42-aa99c1182235,1099505.203452536,1099505.487151175,1099507.64848123,657,200,0.2836986391339451,2.1613300549797714
245be30f-6722-4e6b-8eb9-4910b7df6af7,08fb65a4-a7ff-4ed3-8715-ab206f240a59,1099505.203469301,1099505.514611816,1099507.7573510811,880,199,0.3111425149254501,2.2427392650861293
58de1562-df75-4e22-b41f-61d9a018511f,16bc6a02-4e26-4fe6-b5c5-b95d3f055836,1099505.203458954,1099505.5430571272,1099507.776904505,750,200,0.3395981730427593,2.233847377821803
dfd06853-1460-486f-b5c4-86013a8e455a,ce6f50d7-6546-4e5e-801d-c1df390fc739,1099505.203455898,1099505.656845215,1099507.9994830969,2957,200,0.4533893170300871,2.34263788186945
8396391e-4604-49fa-8fff-8c29e047c021,81c78a47-73a3-4cc6-bfcd-adeee5d6b0a1,1099506.203265467,1099506.2723370169,1099508.0946084938,969,200,0.06907154992222786,1.8222714769653976
ae6e5c47-07d5-4779-b55f-ca724ce2f86e,92dcd987-4459-4c21-98a5-5129ac92bc66,1099505.203466421,1099505.78600173,1099508.124342783,6099,200,0.5825353090185672,2.3383410528767854
a738fec9-f947-4224-83c1-3a8e119f0d45,308e3060-30fa-48b1-a71c-e01dd6119f87,1099505.203436461,1099505.910541817,1099508.1440204,6098,200,0.7071053560357541,2.23347858292982
c94fc366-37e8-451d-85b0-4da50440d3a6,dc01cdfe-5594-4022-adeb-04dcc93573b5,1099508.203427247,1099508.506331973,1099509.335412481,6368,80,0.30290472600609064,0.8290805080905557
c7e499e0-34ad-4d1e-a129-ff3f6135ed4f,00350808-5c9c-404f-9bcd-c153da1e8468,1099507.203450132,1099507.3584591039,1099509.65612006,3302,200,0.15500897192396224,2.297660956159234
43442c5d-e176-4d5d-a676-bfbb236260d7,4d35524b-b5f4-4841-84b1-db05ed40f78f,1099507.203501904,1099507.520738282,1099509.69740244,6976,200,0.31723637809045613,2.1766641580034047
0f9f5cf1-9a37-439b-a1dc-f0cdab0a28b0,3ceab0ba-5330-4fd0-bbfe-5682ea55d910,1099508.203442843,1099508.563801346,1099510.586997923,6245,200,0.3603585031814873,2.0231965768616647
3e744755-dd03-477d-a34b-8771d30954f4,c6afdc8e-36fd-4e34-8ecf-f11068eb0a68,1099509.202679004,1099509.360181732,1099511.6870494632,3240,200,0.15750272804871202,2.326867731055245
67a72e88-7635-4666-a6c6-7e596527bcd7,df0a35f9-6001-4df7-9553-17f2347760bb,1099509.202675615,1099509.486575094,1099511.688270693,5921,200,0.2838994790799916,2.20169559889473
f3d2ceec-da92-4e90-9c93-9e6cb058e48f,abea0846-5b48-41dc-b9bf-d5bea8fa1a2b,1099509.20265633,1099509.364013265,1099511.881897558,2131,200,0.16135693481191993,2.5178842931054533
61407662-9606-42ac-9bd3-1428f2e89fbf,650b104b-2cbd-4304-ab8c-0935cf2bbab7,1099509.20267092,1099509.494859611,1099511.967210612,4854,200,0.2921886909753084,2.472351001109928
6ba2acd8-9a68-448c-a3fd-5d9e04cc5c05,e4a9abbe-0d10-482c-9e14-ba6fe5099a3e,1099509.202681986,1099509.4622804348,1099512.0183509658,5118,200,0.2595984488725662,2.556070531019941
bfa1cacd-4acf-4b2a-82bd-2da805f57fa8,33f44b99-407d-4305-a98b-04595086eddc,1099510.203627356,1099510.299069288,1099512.0999857772,1834,200,0.09544193185865879,1.800916489213705
dbbde49b-5c7d-4270-a715-60ac8a4b2b2e,2eef5030-8e4f-48f7-87c0-c4672c479dbb,1099510.20362311,1099510.5664517928,1099512.557307306,6560,200,0.3628286828752607,1.9908555131405592
f40f9fb6-52d6-467e-9bff-a4c4db9b088b,d81300c0-9e09-45d8-84f5-e342f80ca6d0,1099510.203612497,1099510.311768664,1099512.6187798432,1804,200,0.10815616697072983,2.3070111791603267
36fae7fc-78c3-4d11-8a02-a695e223cbc7,6ecaabe7-f3b0-49e4-af6a-291baaccd94b,1099510.20358491,1099510.4774292498,1099512.7087843257,3844,200,0.2738443398848176,2.2313550759572536
d1ac07c0-6061-4a6d-91a5-a5accf8affb3,2e6d427c-5d5d-4341-bd59-5c0bf98acf50,1099510.203618965,1099510.565016896,1099512.830942184,3668,200,0.36139793088659644,2.2659252879675478
d4ffec00-9ad2-4574-8809-eef08a447294,f8f658f8-2055-491a-a5ab-4e79d35eee0d,1099511.20290928,1099511.3123810901,1099513.0317555042,2455,200,0.1094718100503087,1.7193744140677154
dac1596b-b09b-4420-84b2-3de8b3e84caa,97e65553-6ec9-44f6-b7dc-aa1fa5954746,1099511.2029232,1099511.2903502912,1099513.123038273,1378,200,0.08742709108628333,1.8326879818923771
36e6d6ed-3861-48d8-bb57-3b99c0f654fa,a75aaab8-fe29-46ca-812d-a65cb6998846,1099511.20292764,1099511.2998278858,1099513.440788352,985,195,0.09690024587325752,2.140960466116667
c010066b-bccf-421a-96de-4335a10aab46,346884c6-d766-4ec5-aa72-7b2d60af0395,1099511.202930708,1099511.5959472388,1099514.077199592,6738,200,0.393016530899331,2.4812523531727493
a99297f5-d085-4a9f-be70-d163652e99e3,6a0f8598-e547-4e24-8413-65bc893e194c,1099512.202886868,1099512.304044116,1099514.1570900502,2112,200,0.10115724802017212,1.8530459341127425
d3ad8a9a-7315-4379-b84b-8faaac84cd3d,fff8b79f-fa34-4f2e-850b-d97f41738cf7,1099512.202873956,1099512.243320092,1099514.382378732,647,200,0.04044613614678383,2.139058639993891
f31e973c-c076-4545-8bdb-d1d995306b88,e5f863e9-3a7b-4d7a-bdd2-60bc8ad6448d,1099512.202891011,1099512.596160617,1099514.654540227,6056,200,0.3932696059346199,2.058379610069096
be1369bf-9b55-4e81-b55b-f378c315a565,3a406cf2-2085-46e7-87f9-24bae68b9983,1099513.203436193,1099513.484881116,1099515.299363852,6112,200,0.2814449230208993,1.8144827359355986
4b0bf59f-63bf-43bc-b590-30eae1f1e3cc,c345f567-40a1-40e3-a7db-ec4eebc90342,1099513.203448531,1099513.3338187009,1099515.358042748,2486,200,0.13037016987800598,2.0242240470834076
98da13fa-a9c1-4d1a-85f0-19de6bc26a76,3b426e11-6474-4ca6-8e48-9e80b18cd736,1099513.203452206,1099513.657959108,1099515.69104353,6306,200,0.4545069020241499,2.0330844218842685
2c548f9b-92d7-491e-8ff4-7abdc955b0e0,785a79fd-beb8-4bdf-8d8f-1313dcae8fee,1099513.20345474,1099513.381734442,1099515.754967761,2724,200,0.178279701853171,2.3732333190273494
a2e4c570-bac0-4928-bbc9-f5acc669d162,abc0c6cc-0bfe-4666-83e8-64b03ca4efa9,1099515.203033085,1099515.369132049,1099516.196080033,3632,87,0.16609896393492818,0.826947984052822
522739b4-63a8-415f-9667-282700eb6955,46069f9b-7998-4d3c-b75a-5b5e1e66993a,1099514.203299299,1099514.431412736,1099516.564994074,5161,200,0.22811343683861196,2.1335813379846513
1fc71085-58a8-4926-8d74-6ba8bc11b9e7,458e899c-964f-4008-90b4-694cb94dfddf,1099514.203311247,1099514.8279739642,1099517.344203407,5480,200,0.6246627171058208,2.5162294427864254
14fa086e-b5a6-4f60-8db9-414bf4702ee7,cf7e77af-4024-47fb-97ee-71ec78b11b82,1099516.202763942,1099516.4309487361,1099517.3741922162,4565,101,0.22818479407578707,0.9432434800546616
4e3cf506-dcbc-4921-ac11-817f0c77878f,e2758233-3b9b-4d9c-ada4-f41e0412e585,1099516.202787479,1099516.7456653218,1099517.4265651098,3026,71,0.5428778429049999,0.6808997879270464
216d3e28-bba2-4341-812d-52470c13d0a5,649f563f-c280-4cb5-a6b1-81e9567055cb,1099515.203017827,1099515.5487952367,1099517.7094690467,6144,200,0.3457774098496884,2.16067380993627
001faa31-a7d5-46f8-9e3f-a7ffc8088aac,24a809fb-1110-466d-b0e3-5d9a7f5db931,1099515.20302977,1099515.249854121,1099517.753282261,605,200,0.04682435095310211,2.5034281401894987
a61e89ed-dab9-43a1-8c54-5310a664d940,906139de-bfcf-4e94-9bec-98a4621dbed1,1099515.203035707,1099515.491412391,1099517.8514604198,5158,200,0.28837668406777084,2.3600480288732797
592689ad-2404-4cad-b9ed-f583cb031f4b,1b9f3c6e-4241-411f-9c01-bd9aebebcbcb,1099516.202778267,1099516.578845211,1099518.071309213,6344,147,0.3760669440962374,1.492464001988992
